2 2 50
number of machines at each stage in each factory:
5,3
1,1
speed of each machine:
1.3,1.0,1.4,1.3,1.3
1.4,1.0,1.2
1.1
1.3
power consumption of each machine:
10,6,7,8,7
5,10,9
8
7
standom processing time of each job at each stage:
29,31
35,12
17,19
13,14
28,45
20,13
43,39
44,20
24,21
16,25
39,43
39,44
35,16
25,38
31,43
45,32
20,23
31,12
36,35
31,40
38,28
19,50
39,50
10,22
20,19
12,33
46,28
25,17
45,19
26,30
26,13
13,37
16,30
40,18
19,24
26,23
19,24
14,49
30,21
26,37
36,50
32,15
36,33
13,40
39,16
15,32
46,17
22,50
16,46
15,13