2 2 50
number of machines at each stage in each factory:
3,2
4,5
speed of each machine:
1.4,1.0,1.1
1.2,1.2
1.3,1.3,1.3,1.5
1.2,1.4,1.4,1.0,1.4
power consumption of each machine:
7,7,8
9,8
7,5,10,7
7,8,10,8,6
standom processing time of each job at each stage:
28,45
32,34
13,17
46,21
43,22
14,43
25,15
31,16
11,19
47,50
23,19
11,28
12,35
31,22
14,39
24,32
13,43
46,34
24,20
30,48
28,16
38,15
44,37
38,22
38,24
31,11
27,37
17,31
46,34
41,50
23,49
26,22
25,28
42,22
33,32
49,37
47,43
34,47
37,36
32,41
17,17
15,13
18,25
49,45
15,45
42,33
33,41
26,45
15,45
12,45