2 2 50
number of machines at each stage in each factory:
4,1
2,1
speed of each machine:
1.0,1.2,1.2,1.2
1.4
1.1,1.1
1.2
power consumption of each machine:
5,9,9,6
8
8,7
9
standom processing time of each job at each stage:
11,13
37,24
37,39
43,35
31,17
26,40
24,36
41,19
48,26
15,44
34,23
50,41
42,22
15,24
40,28
10,49
17,32
26,10
18,36
47,40
21,15
32,15
28,37
39,34
43,38
25,16
45,30
18,42
28,23
38,28
27,32
29,38
29,14
28,46
30,42
20,41
25,32
16,19
40,24
12,29
10,18
18,17
22,30
18,20
32,18
42,25
15,45
46,10
12,12
37,11