2 5 20
number of machines at each stage in each factory:
3,2,1,1,3
2,3,5,2,1
speed of each machine:
1.3,1.0,1.3
1.2,1.4
1.4
1.2
1.5,1.4,1.4
1.1,1.1
1.2,1.3,1.1
1.2,1.2,1.2,1.0,1.1
1.0,1.5
1.0
power consumption of each machine:
5,6,6
9,7
5
10
6,9,8
7,5
9,9,5
7,5,5,6,9
8,6
5
standom processing time of each job at each stage:
13,20,44,33,48
17,38,21,10,47
42,35,47,49,15
19,20,34,39,39
46,12,29,26,45
32,38,22,26,22
22,37,50,48,25
36,17,37,35,23
14,50,13,22,42
36,16,27,45,27
25,25,45,44,38
22,36,12,33,25
31,47,36,19,35
18,39,30,12,28
11,29,41,30,33
29,50,47,24,23
47,14,29,25,47
40,39,26,47,39
12,38,42,41,15
50,15,17,18,41