2 8 20
number of machines at each stage in each factory:
3,1,2,4,1,1,1,4
3,4,2,2,3,1,5,5
speed of each machine:
1.1,1.2,1.1
1.5
1.2,1.3
1.4,1.1,1.4,1.4
1.1
1.2
1.3
1.3,1.4,1.4,1.2
1.4,1.0,1.4
1.2,1.3,1.2,1.4
1.4,1.2
1.1,1.2
1.2,1.0,1.3
1.5
1.4,1.1,1.0,1.3,1.2
1.2,1.3,1.2,1.4,1.3
power consumption of each machine:
10,8,5
5
7,7
6,7,6,6
10
7
9
10,9,5,5
9,10,8
8,6,9,6
10,9
5,5
5,10,9
7
6,5,6,7,8
6,5,6,8,9
standom processing time of each job at each stage:
31,39,10,40,17,43,44,31
44,39,17,40,40,22,21,49
49,31,40,17,38,44,25,32
46,50,36,19,29,50,15,22
36,45,34,44,33,28,10,17
36,42,24,29,36,13,47,31
33,22,28,44,38,16,16,29
23,49,49,10,22,50,14,46
40,31,10,45,23,31,14,44
39,15,49,16,37,42,11,41
17,42,13,33,35,36,24,47
32,22,21,40,43,25,13,16
24,21,15,32,25,26,44,11
48,28,39,31,36,22,33,27
40,46,17,20,35,45,20,44
11,30,28,22,14,13,44,14
31,18,29,11,28,48,15,37
21,13,20,35,29,31,49,44
16,40,36,41,43,10,46,24
47,48,46,35,33,42,30,28