2 2 50
number of machines at each stage in each factory:
5,1
4,2
speed of each machine:
1.1,1.2,1.1,1.0,1.2
1.1
1.3,1.4,1.3,1.3
1.2,1.3
power consumption of each machine:
5,10,8,7,6
10
5,9,10,8
7,5
standom processing time of each job at each stage:
14,15
34,29
40,50
14,18
10,11
44,37
23,17
25,48
12,39
44,29
29,27
42,44
26,46
24,21
39,17
37,42
28,46
37,10
11,48
33,43
32,28
31,42
26,31
29,33
40,22
25,21
32,12
48,22
31,31
28,20
32,39
45,11
16,43
34,34
48,50
27,17
10,43
45,32
44,26
33,46
44,50
28,30
20,18
43,32
46,29
31,35
12,17
19,13
14,28
45,20