2 2 50
number of machines at each stage in each factory:
3,1
2,4
speed of each machine:
1.1,1.3,1.4
1.1
1.3,1.1
1.3,1.1,1.2,1.1
power consumption of each machine:
5,8,6
10
9,5
9,10,5,5
standom processing time of each job at each stage:
43,11
31,20
46,45
37,26
26,42
26,28
21,42
41,23
47,40
43,12
38,46
36,50
20,46
37,31
50,49
39,42
19,43
34,21
30,20
26,22
14,29
26,44
49,11
45,11
28,12
33,45
30,27
32,38
17,43
42,38
26,37
18,30
18,34
24,22
29,46
19,36
15,30
41,27
19,42
23,17
38,46
18,36
34,30
40,27
42,32
49,41
42,33
34,43
31,36
25,38