2 5 20
number of machines at each stage in each factory:
4,1,2,1,5
4,1,1,5,2
speed of each machine:
1.0,1.4,1.2,1.1
1.1
1.3,1.1
1.1
1.0,1.1,1.3,1.4,1.0
1.3,1.0,1.3,1.3
1.1
1.2
1.4,1.2,1.0,1.0,1.1
1.1,1.5
power consumption of each machine:
5,5,7,9
8
7,9
5
6,5,5,7,10
9,8,7,9
7
8
9,6,9,5,7
9,6
standom processing time of each job at each stage:
29,10,18,18,17
22,30,18,20,32
18,42,25,15,45
46,10,12,12,37
11,33,11,33,32
29,34,10,23,19
11,19,10,50,33
49,14,27,37,46
43,33,15,46,28
44,40,23,43,45
39,11,28,30,10
44,24,40,50,20
15,25,29,36,31
35,47,27,40,10
38,18,24,10,41
15,36,29,38,21
45,29,13,33,13
41,12,39,48,28
17,10,45,47,11
40,37,41,39,16