2 5 20
number of machines at each stage in each factory:
4,3,5,2,2
2,5,1,4,4
speed of each machine:
1.1,1.3,1.5,1.0
1.4,1.0,1.1
1.4,1.1,1.2,1.1,1.4
1.5,1.1
1.0,1.2
1.2,1.2
1.1,1.2,1.1,1.4,1.4
1.1
1.5,1.0,1.1,1.0
1.0,1.0,1.3,1.1
power consumption of each machine:
10,9,5,7
9,6,9
7,7,10,9,9
9,6
7,6
9,9
9,6,9,9,10
6
9,8,5,9
9,8,6,10
standom processing time of each job at each stage:
44,18,49,46,41
47,37,45,39,23
25,33,19,23,29
11,47,41,32,33
10,34,22,15,38
39,17,21,26,19
15,27,38,39,22
26,29,25,16,17
29,20,24,50,35
46,49,38,27,29
39,15,50,42,33
21,11,42,25,39
30,41,22,44,35
18,36,38,29,40
33,28,46,21,13
38,11,39,27,19
22,20,21,21,39
38,30,33,39,42
43,28,21,32,36
28,36,41,13,30