2 8 20
number of machines at each stage in each factory:
1,1,5,2,1,1,3,3
3,5,5,5,5,3,5,5
speed of each machine:
1.4
1.3
1.1,1.0,1.2,1.2,1.5
1.1,1.1
1.3
1.2
1.1,1.5,1.5
1.0,1.3,1.4
1.0,1.0,1.4
1.0,1.5,1.3,1.5,1.1
1.2,1.4,1.3,1.2,1.3
1.0,1.1,1.3,1.4,1.2
1.0,1.0,1.1,1.2,1.2
1.0,1.2,1.2
1.2,1.2,1.1,1.0,1.1
1.4,1.2,1.4,1.4,1.2
power consumption of each machine:
10
9
7,8,8,6,10
5,7
9
6
5,8,6
10,6,7
7,6,10
5,7,10,5,8
5,9,5,5,8
6,5,9,7,10
7,6,9,10,7
9,8,9
8,6,9,5,9
6,9,6,9,10
standom processing time of each job at each stage:
44,21,45,39,43,21,43,47
15,34,13,41,29,23,17,23
31,22,17,43,43,36,37,28
17,10,42,17,19,24,37,41
21,18,20,10,29,37,41,24
36,36,10,27,40,22,21,46
32,34,21,46,45,46,11,13
11,32,42,34,26,18,20,28
43,31,47,43,10,44,22,50
41,24,40,22,23,21,44,12
34,25,25,36,43,33,22,39
17,28,49,24,34,11,26,44
50,49,17,22,21,24,36,49
11,36,16,20,22,33,36,10
25,23,31,26,50,39,24,28
41,39,36,24,22,47,44,10
36,26,46,24,26,22,37,48
15,21,14,23,42,43,39,19
34,50,11,23,32,12,30,10
33,31,40,18,37,49,47,43