2 5 50
number of machines at each stage in each factory:
3,2,1,1,3
2,3,5,2,1
speed of each machine:
1.3,1.0,1.3
1.2,1.4
1.4
1.2
1.5,1.4,1.4
1.1,1.1
1.2,1.3,1.1
1.2,1.2,1.2,1.0,1.1
1.0,1.5
1.0
power consumption of each machine:
5,6,6
9,7
5
10
6,9,8
7,5
9,9,5
7,5,5,6,9
8,6
5
standom processing time of each job at each stage:
13,20,44,33,48
17,38,21,10,47
42,35,47,49,15
19,20,34,39,39
46,12,29,26,45
32,38,22,26,22
22,37,50,48,25
36,17,37,35,23
14,50,13,22,42
36,16,27,45,27
25,25,45,44,38
22,36,12,33,25
31,47,36,19,35
18,39,30,12,28
11,29,41,30,33
29,50,47,24,23
47,14,29,25,47
40,39,26,47,39
12,38,42,41,15
50,15,17,18,41
26,29,17,30,49
17,21,27,13,49
22,47,40,11,41
15,38,37,35,13
25,38,26,19,33
32,49,25,37,45
36,17,12,17,50
21,12,40,19,32
34,33,15,50,43
39,44,13,26,31
48,10,35,15,31
29,31,38,20,41
22,11,43,19,20
50,38,11,42,37
28,25,22,19,26
28,11,47,22,23
29,15,33,45,32
13,16,20,20,46
44,18,47,17,48
22,12,18,44,48
30,37,42,39,49
35,41,26,38,29
23,26,10,37,43
23,37,33,34,28
22,34,29,32,39
46,37,34,24,26
23,20,50,30,43
31,31,45,25,22
13,11,47,43,33
30,40,38,33,47