2 5 50
number of machines at each stage in each factory:
3,4,3,3,5
5,5,2,1,1
speed of each machine:
1.1,1.3,1.0
1.5,1.2,1.2,1.1
1.5,1.3,1.3
1.4,1.1,1.3
1.1,1.4,1.0,1.1,1.4
1.2,1.4,1.1,1.2,1.1
1.4,1.5,1.1,1.2,1.3
1.0,1.0
1.3
1.4
power consumption of each machine:
9,9,9
5,8,9,7
9,10,8
6,7,8
10,9,5,7,8
9,6,9,9,7
7,7,10,9,9
9,6
7
9
standom processing time of each job at each stage:
17,46,38,38,23
19,14,47,22,45
38,29,35,44,18
49,46,41,47,37
45,39,23,25,33
19,23,29,11,47
41,32,33,10,34
22,15,38,39,17
21,26,19,15,27
38,39,22,26,29
25,16,17,29,20
24,50,35,46,49
38,27,29,39,15
50,42,33,21,11
42,25,39,30,41
22,44,35,18,36
38,29,40,33,28
46,21,13,38,11
39,27,19,22,20
21,21,39,38,30
33,39,42,43,28
21,32,36,28,36
41,13,30,50,25
38,47,37,45,16
34,14,49,48,20
21,32,14,38,14
49,49,29,48,30
31,16,13,20,16
13,25,41,26,21
36,38,44,22,37
25,23,16,19,22
17,25,13,25,22
10,42,47,48,12
29,41,22,44,44
40,43,31,43,32
39,16,27,23,46
11,28,22,43,49
16,20,20,22,10
31,34,46,37,16
33,43,27,11,33
28,47,22,36,19
20,32,15,43,45
13,10,18,32,47
33,24,12,50,41
12,14,15,17,40
46,42,17,28,26
42,31,29,17,36
39,19,33,30,23
33,34,48,11,19
16,18,43,33,30