3 2 50
number of machines at each stage in each factory:
4,4
2,2
1,1
speed of each machine:
1.5,1.0,1.1,1.3
1.4,1.0,1.4,1.2
1.0,1.4
1.5,1.0
1.4
1.0
power consumption of each machine:
8,10,6,10
9,9,6,10
8,10
10,6
6
7
standom processing time of each job at each stage:
19,50
39,50
10,22
20,19
12,33
46,28
25,17
45,19
26,30
26,13
13,37
16,30
40,18
19,24
26,23
19,24
14,49
30,21
26,37
36,50
32,15
36,33
13,40
39,16
15,32
46,17
22,50
16,46
15,13
42,38
45,26
22,36
16,24
33,34
35,12
38,27
16,46
50,31
29,37
45,17
24,39
27,26
11,25
25,19
50,48
24,16
47,36
18,40
40,21
17,45