3 8 50
number of machines at each stage in each factory:
5,2,4,4,5,2,1,2
3,3,1,5,1,5,1,4
3,4,5,5,1,1,1,4
speed of each machine:
1.1,1.4,1.1,1.4,1.5
1.2,1.2
1.2,1.3,1.5,1.2
1.2,1.5,1.1,1.1
1.3,1.2,1.1,1.5,1.2
1.2,1.5
1.3
1.3,1.2
1.2,1.5,1.1
1.4,1.1,1.2
1.4
1.2,1.3,1.3,1.2,1.4
1.5
1.1,1.4,1.2,1.1,1.4
1.1
1.1,1.2,1.4,1.4
1.2,1.2,1.2
1.0,1.4,1.3,1.1
1.5,1.1,1.4,1.2,1.3
1.1,1.4,1.3,1.2,1.4
1.3
1.1
1.3
1.5,1.3,1.1,1.2
power consumption of each machine:
5,6,9,6,9
8,7
7,9,5,5
6,5,7,5
10,10,5,6,8
7,5
9
7,9
7,5,10
10,5,8
5
10,8,6,10,9
8
7,5,9,8,6
5
7,9,9,9
8,6,7
7,6,7,10
10,10,5,7,9
10,7,9,5,10
8
5
10
5,8,10,9
standom processing time of each job at each stage:
30,43,31,12,21,21,46,18
17,17,31,29,49,32,45,27
43,18,25,20,28,37,27,36
49,10,18,23,34,22,44,13
42,36,27,21,11,47,47,19
37,29,30,12,18,30,20,42
12,32,13,38,25,48,19,46
50,22,44,46,32,15,25,13
47,32,24,46,29,47,33,15
34,21,36,44,26,29,44,20
14,13,14,50,17,12,49,20
18,39,14,10,33,30,39,41
32,40,10,44,30,25,30,27
20,10,10,44,45,38,45,31
48,34,32,33,38,21,21,32
38,46,12,39,49,18,48,36
27,26,17,14,13,33,38,46
41,50,31,10,38,17,36,15
22,11,31,35,35,31,48,47
35,14,39,32,42,32,44,20
23,45,43,48,49,26,14,33
10,28,19,16,27,12,24,12
41,18,23,38,36,49,28,30
33,38,38,25,43,10,11,34
49,46,32,11,30,18,33,37
45,24,32,35,35,40,22,33
48,34,32,37,12,28,47,27
27,14,35,39,21,47,41,13
40,23,15,49,10,25,46,23
42,42,21,11,42,49,16,13
48,40,14,37,50,40,36,36
37,35,12,31,30,20,43,47
28,27,27,44,18,23,15,32
50,28,11,42,17,14,39,22
46,10,47,12,31,32,19,40
32,33,20,18,21,49,13,17
26,16,17,23,26,12,49,14
12,39,47,23,34,10,31,45
36,39,25,14,31,37,20,37
10,31,35,13,15,10,27,20
49,33,49,12,29,32,22,34
12,17,38,47,17,45,42,35
30,15,45,25,50,14,37,18
11,30,12,23,18,31,21,10
20,43,37,41,21,41,46,43
19,39,24,12,19,21,11,44
27,15,48,41,24,27,32,26
15,49,30,12,32,14,43,49
42,34,20,26,42,29,28,28
10,22,31,26,37,28,25,38