3 5 20
number of machines at each stage in each factory:
3,2,4,5,3
3,1,2,2,4
2,3,2,5,5
speed of each machine:
1.4,1.2,1.1
1.5,1.2
1.3,1.1,1.2,1.3
1.3,1.0,1.1,1.1,1.4
1.2,1.3,1.4
1.4,1.4,1.4
1.2
1.4,1.1
1.2,1.3
1.1,1.2,1.3,1.3
1.2,1.3
1.1,1.5,1.5
1.2,1.2
1.2,1.3,1.3,1.3,1.0
1.3,1.4,1.1,1.2,1.2
power consumption of each machine:
5,6,7
9,5
6,5,10,6
7,8,8,10,8
5,8,7
8,5,5
5
7,9
10,6
7,6,5,5
5,5
6,9,5
6,9
7,6,6,10,8
9,7,5,9,7
standom processing time of each job at each stage:
41,12,22,24,40
36,10,37,12,12
31,10,49,21,32
48,26,19,31,39
46,41,34,12,37
30,44,45,46,15
36,49,32,43,43
43,48,34,43,15
38,23,39,12,28
21,30,50,49,43
31,13,41,48,14
31,16,18,39,33
42,13,44,17,32
10,47,24,34,39
50,34,16,43,15
21,21,11,17,17
42,15,15,18,20
13,46,49,12,32
27,29,29,28,23
11,42,15,46,45