3 5 20
number of machines at each stage in each factory:
3,1,2,4,1
1,1,4,3,4
2,2,3,1,5
speed of each machine:
1.0,1.2,1.3
1.3
1.1,1.3
1.4,1.2,1.1,1.2
1.5
1.0
1.2
1.4,1.3,1.1,1.1
1.1,1.1,1.3
1.2,1.4,1.4,1.3
1.2,1.3
1.2,1.0
1.3,1.3,1.4
1.0
1.1,1.3,1.1,1.5,1.3
power consumption of each machine:
8,6,6
9
10,8
5,9,8,9
7
6
10
7,5,9,7
9,9,6
10,9,5,5
9,10
8,6
10,9,6
5
5,10,9,9,9
standom processing time of each job at each stage:
20,21,45,31,38
18,35,44,21,35
35,14,31,39,10
40,17,43,44,31
44,39,17,40,40
22,21,49,49,31
40,17,38,44,25
32,46,50,36,19
29,50,15,22,36
45,34,44,33,28
10,17,36,42,24
29,36,13,47,31
33,22,28,44,38
16,16,29,23,49
49,10,22,50,14
46,40,31,10,45
23,31,14,44,39
15,49,16,37,42
11,41,17,42,13
33,35,36,24,47