3 2 100
number of machines at each stage in each factory:
3,2
4,5
3,3
speed of each machine:
1.1,1.3,1.3
1.3,1.2
1.3,1.5,1.4,1.2
1.4,1.0,1.4,1.4,1.4
1.4,1.3,1.1
1.1,1.4,1.5
power consumption of each machine:
8,6,7
8,6
8,9,8,5
9,7,9,6,10
10,10,8
9,5,10
standom processing time of each job at each stage:
23,19
11,28
12,35
31,22
14,39
24,32
13,43
46,34
24,20
30,48
28,16
38,15
44,37
38,22
38,24
31,11
27,37
17,31
46,34
41,50
23,49
26,22
25,28
42,22
33,32
49,37
47,43
34,47
37,36
32,41
17,17
15,13
18,25
49,45
15,45
42,33
33,41
26,45
15,45
12,45
24,30
39,10
18,48
45,28
43,32
18,34
19,42
17,26
50,47
35,47
19,11
11,35
35,47
37,32
30,20
26,14
44,41
12,22
24,40
36,10
37,12
12,31
10,49
21,32
48,26
19,31
39,46
41,34
12,37
30,44
45,46
15,36
49,32
43,43
43,48
34,43
15,38
23,39
12,28
21,30
50,49
43,31
13,41
48,14
31,16
18,39
33,42
13,44
17,32
10,47
24,34
39,50
34,16
43,15
21,21
11,17
17,42
15,15
18,20
13,46