3 2 50
number of machines at each stage in each factory:
4,5
1,2
4,1
speed of each machine:
1.0,1.1,1.2,1.2
1.2,1.3,1.1,1.4,1.0
1.3
1.4,1.5
1.4,1.0,1.0,1.1
1.0
power consumption of each machine:
6,8,9,7
5,10,8,6,7
5
6,5
9,8,10,6
5
standom processing time of each job at each stage:
17,38
20,42
34,33
11,23
13,10
23,16
31,16
12,22
37,31
21,17
23,18
21,22
30,40
46,49
17,14
28,42
23,20
33,27
17,34
20,38
30,42
22,11
40,34
28,43
12,38
49,44
20,42
28,32
16,12
17,49
25,15
27,30
32,47
23,43
30,20
42,35
31,49
42,29
35,24
23,30
16,23
25,34
19,12
17,15
46,47
31,50
23,37
23,50
24,33
26,38