3 2 100
number of machines at each stage in each factory:
5,1
4,2
5,4
speed of each machine:
1.1,1.1,1.2,1.2,1.2
1.2
1.1,1.5,1.3,1.5
1.3,1.3
1.1,1.0,1.0,1.2,1.1
1.5,1.5,1.3,1.3
power consumption of each machine:
5,9,10,9,5
8
5,6,7,10
9,8
9,7,10,7,7
10,8,6,7
standom processing time of each job at each stage:
29,27
42,44
26,46
24,21
39,17
37,42
28,46
37,10
11,48
33,43
32,28
31,42
26,31
29,33
40,22
25,21
32,12
48,22
31,31
28,20
32,39
45,11
16,43
34,34
48,50
27,17
10,43
45,32
44,26
33,46
44,50
28,30
20,18
43,32
46,29
31,35
12,17
19,13
14,28
45,20
13,43
39,44
20,24
21,16
25,39
43,39
44,35
16,25
38,31
43,45
32,20
23,31
12,36
35,31
40,38
28,19
50,39
50,10
22,20
19,12
33,46
28,25
17,45
19,26
30,26
13,13
37,16
30,40
18,19
24,26
23,19
24,14
49,30
21,26
37,36
50,32
15,36
33,13
40,39
16,15
32,46
17,22
50,16
46,15
13,42
38,45
26,22
36,16
24,33
34,35
12,38
27,16
46,50
31,29
37,45
17,24
39,27
26,11
25,25
19,50