3 8 50
number of machines at each stage in each factory:
4,5,1,2,4,1,1,2
5,5,2,3,5,3,5,4
5,3,5,3,5,2,2,1
speed of each machine:
1.4,1.4,1.4,1.0
1.4,1.4,1.4,1.1,1.0
1.3
1.1,1.1
1.3,1.3,1.1,1.2
1.0
1.3
1.3,1.3
1.1,1.3,1.5,1.2,1.3
1.4,1.0,1.1,1.4,1.0
1.4,1.3
1.3,1.3,1.2
1.1,1.3,1.3,1.2,1.4
1.2,1.4,1.4
1.0,1.4,1.0,1.2,1.5
1.2,1.4,1.4,1.2
1.1,1.3,1.0,1.4,1.2
1.4,1.2,1.1
1.0,1.2,1.4,1.1,1.2
1.1,1.3,1.1
1.1,1.2,1.1,1.3,1.1
1.1,1.1
1.0,1.3
1.1
power consumption of each machine:
10,9,7,9
5,10,8,5,5
9
9,8
9,9,8,8
8
9
5,8
10,10,6,5,7
7,7,5,7,6
9,5
8,6,9
10,6,5,5,7
9,6,5
6,5,9,8,7
8,9,10,9
5,5,5,9,10
6,10,9
10,7,10,9,10
8,9,9
7,9,10,8,9
7,8
7,6
10
standom processing time of each job at each stage:
11,28,40,42,36,30,40,49
10,32,44,13,16,22,49,48
29,16,23,46,33,32,12,38
41,19,34,39,22,28,21,46
26,40,30,45,27,12,31,39
46,26,37,18,38,12,45,23
46,46,50,28,43,48,50,35
49,47,12,44,38,24,21,36
50,31,26,38,47,50,21,32
16,42,24,46,33,21,45,42
37,48,10,32,43,16,46,28
37,38,47,48,40,17,31,26
49,39,21,24,50,40,18,50
40,33,12,38,10,49,22,27
43,20,38,21,15,27,15,32
24,33,27,20,18,29,22,35
23,26,14,34,37,14,13,22
12,22,42,42,25,46,20,22
28,40,15,26,41,42,41,45
34,25,31,29,23,43,14,49
13,44,44,24,28,48,48,27
15,48,37,18,50,15,15,17
24,47,24,43,37,23,40,19
13,13,13,43,45,26,38,47
10,47,39,28,24,49,16,38
20,42,39,28,46,39,49,38
39,49,36,37,22,27,17,37
17,29,42,22,48,42,40,32
15,37,41,32,22,32,48,28
39,39,28,41,44,29,39,32
25,17,38,29,37,29,25,16
34,32,21,47,11,39,25,44
32,32,49,28,50,26,27,34
48,10,43,28,17,24,46,36
42,11,34,32,44,40,31,14
13,28,43,21,21,22,14,10
35,50,17,17,43,17,44,14
15,49,22,42,31,38,17,38
35,43,11,23,48,31,37,48
30,43,11,41,48,38,21,45
41,12,13,42,20,42,43,15
10,47,18,34,26,42,42,34
31,37,45,14,42,34,48,35
42,50,43,16,11,41,17,23
13,38,25,39,12,29,42,28
50,44,40,42,29,30,50,14
19,10,36,31,20,31,43,48
47,49,43,41,17,15,16,33
32,49,41,47,48,33,38,46
12,20,30,10,26,40,13,24