3 5 20
number of machines at each stage in each factory:
5,2,4,4,5
2,1,2,3,3
1,5,1,5,1
speed of each machine:
1.0,1.1,1.5,1.1,1.2
1.5,1.0
1.3,1.5,1.1,1.3
1.3,1.2,1.1,1.2
1.2,1.2,1.4,1.4,1.2
1.3,1.1
1.2
1.1,1.4
1.3,1.2,1.0
1.3,1.3,1.5
1.2
1.4,1.2,1.4,1.1,1.2
1.2
1.2,1.2,1.1,1.2,1.2
1.4
power consumption of each machine:
9,6,10,7,6
10,6
9,10,6,10
8,9,6,8
6,10,10,8,9
5,8
10
8,8
10,8,10
6,10,5
10
5,7,6,6,10
10
6,6,6,10,8
7
standom processing time of each job at each stage:
37,38,18,43,46
35,38,17,25,10
28,49,10,19,44
15,31,26,21,42
50,46,15,38,39
41,17,38,24,23
29,23,34,13,17
42,43,21,37,14
48,41,40,24,22
26,36,42,43,18
40,43,25,32,44
22,14,30,28,31
32,28,15,49,15
15,16,41,39,26
14,48,23,12,22
34,37,26,15,50
39,19,49,24,16
12,47,32,19,45
25,30,42,45,31
16,30,10,30,43