3 5 20
number of machines at each stage in each factory:
4,5,1,2,4
1,1,2,5,5
2,3,5,3,5
speed of each machine:
1.1,1.4,1.0,1.3
1.3,1.1,1.1,1.4,1.5
1.2
1.0,1.1
1.5,1.3,1.3,1.2
1.4
1.1
1.1,1.1
1.1,1.1,1.2,1.0,1.3
1.1,1.3,1.3,1.1,1.2
1.3,1.2
1.3,1.5,1.3
1.1,1.4,1.2,1.1,1.5
1.2,1.4,1.4
1.4,1.2,1.1,1.4,1.2
power consumption of each machine:
6,5,7,8
7,9,9,7,7
5
10,6
10,10,6,7
10
5
8,6
9,8,10,5,8
5,8,6,7,10
10,9
5,10,8
10,5,10,5,9
7,10,8
5,10,8,8,10
standom processing time of each job at each stage:
39,43,12,30,29
42,38,28,41,38
40,20,18,45,42
18,30,23,25,10
29,34,30,25,40
37,24,29,36,32
17,45,44,46,46
42,29,13,34,29
47,40,48,49,15
25,33,42,20,12
34,44,40,27,14
10,24,27,49,45
27,38,32,48,20
23,16,35,48,10
32,26,29,19,38
20,14,33,24,31
13,34,26,25,17
24,23,25,35,30
31,39,47,32,37
22,22,36,22,17