3 5 20
number of machines at each stage in each factory:
5,1,4,2,5
4,1,3,2,1
4,2,5,1,5
speed of each machine:
1.5,1.0,1.3,1.3,1.4
1.3
1.4,1.2,1.5,1.4
1.1,1.3
1.5,1.1,1.1,1.4,1.5
1.4,1.2,1.2,1.3
1.2
1.4,1.5,1.0
1.2,1.0
1.1
1.4,1.1,1.5,1.0
1.1,1.2
1.1,1.1,1.1,1.4,1.2
1.3
1.2,1.5,1.1,1.1,1.3
power consumption of each machine:
6,6,5,5,5
6
7,8,7,5
9,7
6,7,9,7,8
5,6,9,6
8
7,6,6
7,6
8
7,7,7,8
10,6
9,6,10,8,8
10
6,8,7,10,6
standom processing time of each job at each stage:
23,31,12,36,35
31,40,38,28,19
50,39,50,10,22
20,19,12,33,46
28,25,17,45,19
26,30,26,13,13
37,16,30,40,18
19,24,26,23,19
24,14,49,30,21
26,37,36,50,32
15,36,33,13,40
39,16,15,32,46
17,22,50,16,46
15,13,42,38,45
26,22,36,16,24
33,34,35,12,38
27,16,46,50,31
29,37,45,17,24
39,27,26,11,25
25,19,50,48,24