3 5 100
number of machines at each stage in each factory:
3,4,3,5,4
4,5,2,2,2
5,4,3,4,4
speed of each machine:
1.2,1.4,1.5
1.2,1.2,1.4,1.5
1.1,1.1,1.1
1.1,1.2,1.1,1.1,1.4
1.3,1.3,1.1,1.2
1.0,1.4,1.2,1.0
1.2,1.1,1.3,1.5,1.3
1.5,1.1
1.1,1.3
1.3,1.1
1.0,1.2,1.4,1.1,1.5
1.4,1.5,1.1,1.5
1.2,1.2,1.1
1.1,1.4,1.1,1.3
1.4,1.5,1.3,1.3
power consumption of each machine:
9,8,8
6,6,7,7
10,9,7
8,9,7,8,5
10,6,8,8
8,8,5,5
8,9,10,7,5
6,5
9,10
7,5
7,10,6,5,10
9,10,9,5
6,9,5
7,6,6,6
9,8,7,5
standom processing time of each job at each stage:
26,46,45,14,48
28,16,30,45,10
20,21,33,20,37
49,31,37,28,46
16,41,38,29,45
35,17,28,18,39
39,26,31,24,12
44,25,22,38,14
32,23,30,30,45
10,18,13,24,11
35,33,47,35,50
11,33,29,19,12
36,28,13,34,13
25,26,30,14,45
35,47,43,31,17
17,12,13,29,18
45,30,28,18,24
10,27,19,23,37
14,49,45,27,20
47,23,18,32,39
33,33,28,43,48
32,38,28,43,46
15,27,37,16,18
32,26,24,41,20
12,19,48,35,43
42,41,32,36,25
26,35,25,32,18
43,48,38,41,26
40,35,39,44,15
31,42,47,32,23
35,31,31,16,12
45,28,36,14,37
22,15,20,49,45
45,27,23,33,23
48,35,37,48,41
45,22,40,27,27
13,43,48,39,34
45,43,41,31,39
27,28,49,49,13
12,49,25,15,45
17,37,26,12,15
50,25,16,13,10
50,18,19,16,10
49,49,30,12,17
44,39,41,16,13
24,19,24,10,22
33,22,17,40,11
40,39,44,21,45
39,43,21,43,47
15,34,13,41,29
23,17,23,31,22
17,43,43,36,37
28,17,10,42,17
19,24,37,41,21
18,20,10,29,37
41,24,36,36,10
27,40,22,21,46
32,34,21,46,45
46,11,13,11,32
42,34,26,18,20
28,43,31,47,43
10,44,22,50,41
24,40,22,23,21
44,12,34,25,25
36,43,33,22,39
17,28,49,24,34
11,26,44,50,49
17,22,21,24,36
49,11,36,16,20
22,33,36,10,25
23,31,26,50,39
24,28,41,39,36
24,22,47,44,10
36,26,46,24,26
22,37,48,15,21
14,23,42,43,39
19,34,50,11,23
32,12,30,10,33
31,40,18,37,49
47,43,14,22,44
36,17,13,47,28
11,22,47,37,33
32,34,39,42,47
44,39,11,27,34
28,33,44,27,36
26,31,33,34,37
10,39,22,46,19
28,13,46,18,13
14,27,43,19,12
17,46,45,47,21
10,47,47,16,17
33,26,35,10,15
10,44,30,26,28
43,49,45,44,38
37,17,13,35,11
17,24,21,39,35
26,10,41,31,24
32,18,20,32,50
44,27,33,19,12
48,45,29,24,50