3 5 100
number of machines at each stage in each factory:
3,1,2,4,1
1,1,4,3,4
2,2,3,1,5
speed of each machine:
1.0,1.2,1.3
1.3
1.1,1.3
1.4,1.2,1.1,1.2
1.5
1.0
1.2
1.4,1.3,1.1,1.1
1.1,1.1,1.3
1.2,1.4,1.4,1.3
1.2,1.3
1.2,1.0
1.3,1.3,1.4
1.0
1.1,1.3,1.1,1.5,1.3
power consumption of each machine:
8,6,6
9
10,8
5,9,8,9
7
6
10
7,5,9,7
9,9,6
10,9,5,5
9,10
8,6
10,9,6
5
5,10,9,9,9
standom processing time of each job at each stage:
20,21,45,31,38
18,35,44,21,35
35,14,31,39,10
40,17,43,44,31
44,39,17,40,40
22,21,49,49,31
40,17,38,44,25
32,46,50,36,19
29,50,15,22,36
45,34,44,33,28
10,17,36,42,24
29,36,13,47,31
33,22,28,44,38
16,16,29,23,49
49,10,22,50,14
46,40,31,10,45
23,31,14,44,39
15,49,16,37,42
11,41,17,42,13
33,35,36,24,47
32,22,21,40,43
25,13,16,24,21
15,32,25,26,44
11,48,28,39,31
36,22,33,27,40
46,17,20,35,45
20,44,11,30,28
22,14,13,44,14
31,18,29,11,28
48,15,37,21,13
20,35,29,31,49
44,16,40,36,41
43,10,46,24,47
48,46,35,33,42
30,28,20,35,41
37,22,50,21,34
36,34,36,14,38
10,30,20,15,38
19,30,48,29,42
29,43,14,21,41
31,18,35,45,42
22,11,30,50,21
30,45,39,42,34
17,30,45,13,32
33,19,43,25,23
38,28,38,17,15
12,40,12,11,29
30,38,36,50,24
26,40,32,34,45
41,33,43,28,34
41,42,14,50,18
21,42,22,46,36
12,16,28,40,10
43,31,15,35,15
39,35,32,28,43
43,34,23,31,34
17,43,30,39,16
29,39,23,32,25
50,25,42,43,39
30,30,17,50,21
42,40,23,16,22
10,45,18,26,29
34,22,43,50,31
28,16,19,21,11
38,30,42,25,18
29,43,39,39,40
12,43,15,37,50
13,37,46,48,40
12,48,14,30,43
17,22,43,40,10
13,35,32,10,19
16,10,12,42,27
24,30,30,35,38
23,14,43,11,31
31,22,39,48,33
49,36,12,45,38
23,10,36,28,33
16,25,43,36,21
13,46,41,12,42
43,23,47,43,25
27,23,14,42,32
35,23,12,27,40
41,48,34,45,28
20,35,47,45,32
45,28,35,21,22
29,13,43,38,24
29,48,18,25,24
42,10,31,46,33
23,23,39,43,20
30,41,32,21,37
48,27,48,15,22
13,28,41,13,30
37,34,22,41,14
44,32,44,35,24
10,34,41,37,49
38,12,48,43,25
16,31,17,10,23
32,45,20,11,28
21,31,45,36,28
43,45,16,31,26