3 5 20
number of machines at each stage in each factory:
1,1,4,3,4
1,3,2,4,3
5,5,5,4,5
speed of each machine:
1.3
1.1
1.1,1.2,1.3,1.1
1.3,1.1,1.2
1.4,1.3,1.3,1.5
1.1
1.2,1.1,1.4
1.1,1.4
1.3,1.1,1.4,1.2
1.5,1.3,1.4
1.5,1.2,1.2,1.4,1.5
1.4,1.3,1.4,1.3,1.3
1.2,1.5,1.0,1.4,1.2
1.1,1.2,1.4,1.2
1.4,1.5,1.4,1.2,1.3
power consumption of each machine:
8
8
10,8,7,7
7,6,8
8,6,5,8
8
5,6,9
10,6
5,9,8,6
5,10,6
7,5,8,8,7
9,5,8,5,5
9,10,6,8,8
8,8,7,10
7,10,10,9,9
standom processing time of each job at each stage:
16,15,26,15,36
29,49,47,35,46
25,31,28,32,39
24,10,15,33,43
48,17,42,28,39
25,38,30,36,26
16,48,34,16,31
31,46,50,29,14
44,22,25,49,31
11,38,33,46,27
28,38,37,48,20
36,43,12,48,42
31,22,29,28,18
21,33,37,26,14
22,44,33,29,43
41,27,35,19,10
18,20,18,47,45
50,45,24,25,16
43,44,41,39,44
43,45,23,22,29