3 8 20
number of machines at each stage in each factory:
3,1,2,4,1,1,1,4
3,4,2,2,3,1,5,5
1,3,2,3,3,3,5,2
speed of each machine:
1.3,1.1,1.2
1.2
1.1,1.2
1.5,1.4,1.2,1.0
1.3
1.1
1.1
1.3,1.0,1.2,1.2
1.4,1.3,1.3
1.2,1.3,1.2,1.2
1.1,1.5
1.4,1.2
1.1,1.1,1.1
1.1
1.1,1.5,1.4,1.4,1.2
1.4,1.4,1.3,1.5,1.3
1.2
1.4,1.5,1.4
1.2,1.5
1.1,1.1,1.0
1.1,1.2,1.0
1.3,1.2,1.1
1.2,1.0,1.0,1.0,1.5
1.3,1.4
power consumption of each machine:
9,6,5
8
9,10
10,6,7,10
7
6
10
9,5,7,9
8,5,10
8,5,9,7
7,7
5,7
10,10,9
9
9,10,10,5,9
9,5,6,9,7
10
9,5,8
9,7
6,6,8
6,5,8
8,7,10
6,10,8,5,8
10,5
standom processing time of each job at each stage:
48,28,39,31,36,22,33,27
40,46,17,20,35,45,20,44
11,30,28,22,14,13,44,14
31,18,29,11,28,48,15,37
21,13,20,35,29,31,49,44
16,40,36,41,43,10,46,24
47,48,46,35,33,42,30,28
20,35,41,37,22,50,21,34
36,34,36,14,38,10,30,20
15,38,19,30,48,29,42,29
43,14,21,41,31,18,35,45
42,22,11,30,50,21,30,45
39,42,34,17,30,45,13,32
33,19,43,25,23,38,28,38
17,15,12,40,12,11,29,30
38,36,50,24,26,40,32,34
45,41,33,43,28,34,41,42
14,50,18,21,42,22,46,36
12,16,28,40,10,43,31,15
35,15,39,35,32,28,43,43