3 8 20
number of machines at each stage in each factory:
3,2,4,5,3,3,1,2
2,4,2,3,2,5,5,2
1,3,5,5,4,3,3,2
speed of each machine:
1.2,1.4,1.4
1.4,1.4
1.5,1.2,1.1,1.4
1.1,1.3,1.3,1.4,1.5
1.2,1.1,1.2
1.2,1.5,1.2
1.0
1.1,1.2
1.2,1.4
1.4,1.1,1.3,1.2
1.4,1.4
1.0,1.1,1.5
1.3,1.1
1.5,1.0,1.3,1.2,1.3
1.4,1.3,1.3,1.1,1.4
1.1,1.2
1.3
1.1,1.3,1.1
1.4,1.3,1.0,1.3,1.3
1.5,1.4,1.4,1.2,1.0
1.4,1.0,1.3,1.3
1.0,1.3,1.2
1.3,1.1,1.0
1.1,1.0
power consumption of each machine:
6,9,7
5,8
10,5,9,8
5,6,10,10,9
7,5,7
7,8,8
5
6,7
6,9
7,8,9,7
5,6
9,10,5
10,8
9,7,5,10,10
5,10,9,5,7
7,5
8
6,7,5
10,5,10,7,8
9,6,7,7,7
6,7,8,8
10,6,5
9,8,9
6,5
standom processing time of each job at each stage:
37,15,30,15,25,47,16,37
25,33,29,45,12,44,47,27
33,45,49,29,28,17,36,37
30,36,26,14,10,20,46,29
19,36,46,49,20,24,47,33
44,43,27,24,32,49,16,30
11,41,36,48,33,14,21,26
48,44,45,27,37,12,42,49
35,48,45,36,36,28,16,18
14,18,40,11,26,11,19,31
39,44,15,21,18,32,36,39
23,19,20,11,30,31,21,11
13,24,37,42,43,37,12,18
21,42,26,28,15,19,36,38
15,31,25,19,45,21,26,42
31,36,36,41,12,40,34,43
15,38,40,15,36,11,28,31
10,40,17,35,26,35,13,19
45,13,38,22,11,36,33,10
37,28,49,28,22,16,28,19