3 5 50
number of machines at each stage in each factory:
4,1,2,1,5
4,1,1,5,2
1,4,5,4,2
speed of each machine:
1.4,1.1,1.2,1.1
1.3
1.2,1.1
1.1
1.0,1.3,1.0,1.3,1.3
1.5,1.1,1.4,1.4
1.0
1.3
1.1,1.1,1.5,1.3,1.4
1.3,1.3
1.4
1.4,1.0,1.1,1.2
1.4,1.2,1.3,1.2,1.3
1.5,1.5,1.1,1.4
1.1,1.2
power consumption of each machine:
6,7,7,6
5
9,9
9
8,8,9,5,7
7,6,8,6
6
10
5,6,9,6,8
9,7
9
7,8,10,6
9,6,5,6,7
8,5,7,10
10,9
standom processing time of each job at each stage:
31,35,47,27,40
10,38,18,24,10
41,15,36,29,38
21,45,29,13,33
13,41,12,39,48
28,17,10,45,47
11,40,37,41,39
16,17,45,24,19
17,35,36,49,41
48,24,14,31,20
14,42,27,47,13
25,27,33,21,40
36,18,30,20,35
19,41,49,32,26
25,49,25,41,23
27,45,29,38,29
31,26,42,36,40
40,39,24,24,44
18,27,50,20,16
19,39,43,34,28
30,35,15,22,25
34,48,22,11,15
27,21,34,29,36
33,18,20,49,13
14,40,40,41,36
42,23,22,29,20
43,47,43,10,46
10,18,34,36,15
39,28,22,16,31
12,32,41,22,48
15,25,32,28,41
49,47,28,46,46
13,19,10,18,27
10,35,46,24,15
23,19,15,23,43
10,13,40,16,45
13,49,21,11,31
18,41,23,24,28
12,44,44,30,30
43,42,11,16,36
24,27,36,42,41
35,15,48,22,25
48,25,27,48,46
38,27,26,48,19
48,44,36,13,15
16,36,28,21,40
39,43,40,39,39
31,16,26,25,29
37,16,17,23,10
47,11,32,26,13