3 5 20
number of machines at each stage in each factory:
4,5,2,2,3
1,4,1,1,5
2,4,3,4,5
speed of each machine:
1.5,1.1,1.4,1.2
1.0,1.2,1.2,1.4,1.0
1.1,1.1
1.2,1.3
1.1,1.2,1.1
1.1
1.2,1.3,1.1,1.3
1.5
1.2
1.4,1.2,1.3,1.3,1.2
1.4,1.2
1.0,1.0,1.1,1.4
1.1,1.4,1.5
1.1,1.4,1.0,1.1
1.2,1.5,1.2,1.2,1.4
power consumption of each machine:
6,8,10,10
5,5,9,5,5
6,5
10,9
7,9,7
5
6,10,8,8
9
5
7,8,7,10,7
10,7
9,7,6,7
7,9,8
6,8,9,5
5,5,6,10,7
standom processing time of each job at each stage:
44,49,22,31,43
11,16,50,34,42
31,46,18,27,32
10,16,30,15,49
11,27,24,43,28
29,48,25,29,24
30,26,30,33,16
33,18,16,36,28
23,11,47,21,23
14,30,36,31,31
22,36,21,48,30
17,38,41,39,29
41,11,14,39,12
40,19,39,45,44
46,42,34,46,45
27,19,34,11,47
16,20,21,12,36
43,48,44,27,22
10,32,28,16,46
31,14,23,50,13