3 2 50
number of machines at each stage in each factory:
4,5
2,2
3,1
speed of each machine:
1.4,1.2,1.3,1.4
1.4,1.5,1.1,1.4,1.2
1.4,1.0
1.0,1.1
1.1,1.2,1.3
1.3
power consumption of each machine:
10,7,9,8
6,9,8,9,10
8,7
5,6
7,8,8
5
standom processing time of each job at each stage:
30,44
33,44
34,16
38,15
12,29
45,21
21,38
18,35
24,49
25,29
50,25
38,45
42,26
20,43
12,16
17,29
18,44
32,22
38,31
45,39
39,10
16,49
34,43
42,34
25,24
23,31
20,12
39,40
12,22
44,17
17,17
20,45
25,27
47,16
29,14
50,14
32,50
44,13
47,39
20,45
35,16
36,22
20,38
22,32
37,27
27,19
29,38
42,44
34,10
27,44