3 2 100
number of machines at each stage in each factory:
1,1
4,3
4,1
speed of each machine:
1.2
1.3
1.4,1.1,1.3,1.2
1.5,1.1,1.1
1.2,1.3,1.1,1.4
1.1
power consumption of each machine:
6
6
5,8,5,7
5,9,7
9,6,10,8
7
standom processing time of each job at each stage:
16,47
43,28
30,36
33,32
47,20
18,36
45,37
42,26
31,39
26,50
16,20
47,27
25,40
23,36
49,30
32,46
37,10
50,38
46,21
19,17
28,11
25,37
42,49
50,19
24,40
41,42
26,31
44,31
29,38
43,18
32,34
21,11
15,17
26,38
25,27
47,41
44,26
46,32
29,41
27,18
47,19
31,46
49,50
49,29
36,46
50,48
29,18
24,37
13,25
12,32
15,15
28,47
39,22
38,16
15,26
15,36
29,49
47,35
46,25
31,28
32,39
24,10
15,33
43,48
17,42
28,39
25,38
30,36
26,16
48,34
16,31
31,46
50,29
14,44
22,25
49,31
11,38
33,46
27,28
38,37
48,20
36,43
12,48
42,31
22,29
28,18
21,33
37,26
14,22
44,33
29,43
41,27
35,19
10,18
20,18
47,45
50,45
24,25
16,43
44,41