3 8 100
number of machines at each stage in each factory:
1,3,2,3,1,5,3,2
5,2,4,2,4,4,1,1
2,1,3,4,3,2,2,2
speed of each machine:
1.2
1.3,1.4,1.2
1.1,1.3
1.4,1.2,1.4
1.0
1.3,1.3,1.1,1.0,1.5
1.5,1.2,1.2
1.2,1.3
1.3,1.3,1.0,1.3,1.3
1.5,1.2
1.1,1.0,1.1,1.2
1.0,1.4
1.5,1.2,1.2,1.0
1.4,1.1,1.2,1.0
1.4
1.2
1.4,1.3
1.3
1.1,1.4,1.5
1.5,1.4,1.2,1.5
1.2,1.5,1.2
1.3,1.3
1.3,1.2
1.1,1.3
power consumption of each machine:
5
8,9,8
8,6
10,5,5
7
6,9,10,9,8
6,5,8
5,5
8,7,7,10,7
5,7
10,7,8,8
6,8
9,5,7,5
8,7,8,6
7
7
8,9
10
8,10,7
7,9,10,10
5,10,7
5,9
10,6
8,10
standom processing time of each job at each stage:
19,34,50,11,23,32,12,30
10,33,31,40,18,37,49,47
43,14,22,44,36,17,13,47
28,11,22,47,37,33,32,34
39,42,47,44,39,11,27,34
28,33,44,27,36,26,31,33
34,37,10,39,22,46,19,28
13,46,18,13,14,27,43,19
12,17,46,45,47,21,10,47
47,16,17,33,26,35,10,15
10,44,30,26,28,43,49,45
44,38,37,17,13,35,11,17
24,21,39,35,26,10,41,31
24,32,18,20,32,50,44,27
33,19,12,48,45,29,24,50
14,14,23,23,27,28,25,29
40,14,39,42,11,42,19,27
26,26,50,40,48,11,32,46
42,28,33,22,21,22,15,15
18,25,26,45,31,46,41,17
41,42,34,47,38,35,21,11
35,21,34,41,30,49,18,43
21,47,13,37,42,40,11,48
42,11,36,39,50,21,10,34
37,32,22,37,48,42,14,46
10,34,22,16,17,29,32,27
26,36,33,16,22,48,16,46
33,10,38,49,32,47,26,20
23,35,25,35,29,33,37,35
28,38,32,22,32,45,50,24
23,20,41,42,31,18,30,17
36,30,34,49,46,21,15,46
14,25,46,21,19,35,15,49
50,14,25,38,28,37,17,21
38,15,44,29,44,32,20,33
50,30,20,19,36,49,32,10
50,39,39,27,19,37,44,43
11,48,29,10,31,49,29,46
30,39,16,10,27,11,41,39
16,20,37,23,14,32,26,37
45,34,19,12,20,36,37,41
19,20,39,16,32,38,33,23
10,33,34,36,11,32,43,31
33,31,43,41,34,21,48,26
35,15,43,39,30,25,50,25
23,50,39,13,47,44,15,22
36,34,15,12,48,12,37,22
27,40,12,40,18,39,22,29
27,15,50,32,30,18,46,29
39,18,40,16,41,13,30,33
36,25,44,26,27,16,33,29
17,15,16,14,33,32,37,22
15,13,15,18,28,15,26,17
43,50,47,43,11,22,38,39
41,48,10,32,37,14,38,19
19,15,39,11,50,14,43,34
29,34,13,41,28,10,20,15
42,30,45,49,31,24,33,24
23,50,46,12,49,34,47,35
19,43,34,31,28,46,14,32
43,34,12,39,10,41,17,25
50,20,45,13,50,10,39,46
42,15,46,46,11,12,26,26
44,33,40,38,18,20,16,27
36,13,46,13,39,39,32,50
27,11,39,49,45,50,35,32
47,46,10,38,30,38,38,48
19,25,34,14,40,35,48,42
19,20,31,49,19,35,45,16
42,49,41,40,16,50,21,47
39,14,15,30,31,29,43,46
32,45,49,11,30,35,25,30
14,38,10,14,23,35,29,29
22,19,37,22,20,18,45,33
22,33,34,45,34,15,33,36
33,26,12,32,29,35,11,40
28,16,50,23,41,40,17,37
22,44,49,15,26,38,31,47
28,47,21,41,29,34,17,21
49,33,16,34,14,29,13,39
26,21,31,42,19,26,39,26
48,48,39,42,50,18,29,26
33,18,21,28,33,15,24,36
30,29,19,42,48,15,29,20
14,43,21,46,31,13,26,46
45,49,31,15,34,35,30,47
27,13,25,33,31,32,34,21
37,11,27,36,31,34,39,49
20,18,49,36,47,49,46,24
14,38,35,15,19,39,46,30
40,42,30,15,46,32,13,13
39,19,28,42,36,50,16,14
24,17,21,36,49,43,32,46
27,17,21,20,47,36,47,17
26,35,28,28,27,36,21,10
45,36,19,43,48,35,25,30
29,15,14,13,30,31,17,12
45,25,46,13,10,23,33,27
21,21,15,48,43,34,17,35
24,34,49,21,22,36,39,36