4 2 50
number of machines at each stage in each factory:
3,1
2,4
1,1
1,4
speed of each machine:
1.4,1.1,1.1
1.0
1.3,1.0
1.1,1.3,1.2,1.1
1.4
1.5
1.0
1.2,1.2,1.1,1.1
power consumption of each machine:
5,5,5
8
10,6
7,7,9,9
5
5
6
5,6,6,9
standom processing time of each job at each stage:
21,30
20,26
22,14
29,26
44,49
11,45
11,28
12,33
45,30
27,32
38,17
43,42
38,26
37,18
30,18
34,24
22,29
46,19
36,15
30,41
27,19
42,23
17,38
46,18
36,34
30,40
27,42
32,49
41,42
33,34
43,31
36,25
38,21
27,17
23,41
14,40
23,23
42,34
46,31
16,33
38,22
38,20
21,45
31,38
18,35
44,21
35,35
14,31
39,10
40,17