4 5 20
number of machines at each stage in each factory:
3,2,4,5,3
3,1,2,2,4
2,3,2,5,5
2,1,3,5,5
speed of each machine:
1.3,1.3,1.5
1.4,1.4
1.4,1.4,1.3,1.1
1.2,1.1,1.4,1.5,1.1
1.3,1.3,1.4
1.1,1.2,1.4
1.5
1.2,1.4
1.2,1.2
1.4,1.3,1.4,1.5
1.1,1.3
1.4,1.3,1.1
1.1,1.5
1.1,1.3,1.1,1.0,1.5
1.0,1.3,1.2,1.3,1.4
1.3,1.3
1.2
1.3,1.2,1.4
1.3,1.1,1.4,1.1,1.4
1.3,1.0,1.3,1.3,1.5
power consumption of each machine:
9,10,10
5,8
5,6,5,5
5,10,6,9,5
10,10,6
9,6,7
10
9,7
9,7
8,7,7,7
5,9
6,10,10
5,7
8,8,6,9,5
10,7,6,6,6
7,5
9
8,9,7
6,10,8,9,9
10,5,10,6,10
standom processing time of each job at each stage:
33,42,13,44,17
32,10,47,24,34
39,50,34,16,43
15,21,21,11,17
17,42,15,15,18
20,13,46,49,12
32,27,29,29,28
23,11,42,15,46
45,30,26,30,18
28,30,29,37,15
30,15,25,47,16
37,25,33,29,45
12,44,47,27,33
45,49,29,28,17
36,37,30,36,26
14,10,20,46,29
19,36,46,49,20
24,47,33,44,43
27,24,32,49,16
30,11,41,36,48