4 8 50
number of machines at each stage in each factory:
3,1,2,4,1,1,1,4
3,4,2,2,3,1,5,5
1,3,2,3,3,3,5,2
4,3,1,2,3,1,4,1
speed of each machine:
1.2,1.4,1.4
1.4
1.2,1.2
1.0,1.2,1.3,1.4
1.1
1.2
1.3
1.4,1.2,1.4,1.2
1.4,1.3,1.1
1.2,1.0,1.2,1.0
1.5,1.1
1.5,1.3
1.3,1.2,1.2
1.4
1.4,1.4,1.4,1.1,1.4
1.3,1.4,1.1,1.1,1.5
1.4
1.1,1.1,1.4
1.2,1.3
1.1,1.1,1.1
1.4,1.1,1.5
1.2,1.1,1.4
1.5,1.5,1.1,1.2,1.4
1.2,1.3
1.0,1.2,1.3,1.5
1.2,1.3,1.3
1.2
1.1,1.4
1.4,1.1,1.3
1.2
1.2,1.3,1.4,1.4
1.2
power consumption of each machine:
10,10,5
5
9,10
5,8,10,10
7
6
5
7,10,9,8
10,8,5
5,9,7,6
8,7
9,6
8,6,7
6
7,9,9,6,8
7,9,6,7,9
9
7,10,6
8,7
5,7,9
8,6,5
7,9,6
9,7,7,5,6
9,8
7,5,10,7
7,9,9
9
9,6
8,8,5
9
5,6,8,5
6
standom processing time of each job at each stage:
30,45,39,42,34,17,30,45
13,32,33,19,43,25,23,38
28,38,17,15,12,40,12,11
29,30,38,36,50,24,26,40
32,34,45,41,33,43,28,34
41,42,14,50,18,21,42,22
46,36,12,16,28,40,10,43
31,15,35,15,39,35,32,28
43,43,34,23,31,34,17,43
30,39,16,29,39,23,32,25
50,25,42,43,39,30,30,17
50,21,42,40,23,16,22,10
45,18,26,29,34,22,43,50
31,28,16,19,21,11,38,30
42,25,18,29,43,39,39,40
12,43,15,37,50,13,37,46
48,40,12,48,14,30,43,17
22,43,40,10,13,35,32,10
19,16,10,12,42,27,24,30
30,35,38,23,14,43,11,31
31,22,39,48,33,49,36,12
45,38,23,10,36,28,33,16
25,43,36,21,13,46,41,12
42,43,23,47,43,25,27,23
14,42,32,35,23,12,27,40
41,48,34,45,28,20,35,47
45,32,45,28,35,21,22,29
13,43,38,24,29,48,18,25
24,42,10,31,46,33,23,23
39,43,20,30,41,32,21,37
48,27,48,15,22,13,28,41
13,30,37,34,22,41,14,44
32,44,35,24,10,34,41,37
49,38,12,48,43,25,16,31
17,10,23,32,45,20,11,28
21,31,45,36,28,43,45,16
31,26,33,28,25,19,23,32
37,22,23,44,14,29,14,28
37,29,45,48,33,43,14,16
48,23,35,41,24,32,25,19
24,28,23,46,35,47,36,25
13,18,35,13,25,48,48,21
23,13,36,27,10,15,38,23
34,48,29,22,17,25,44,19
10,41,10,43,30,12,26,18
30,22,14,35,26,32,49,47
32,15,47,11,10,35,19,36
35,26,19,37,15,45,17,44
32,23,22,11,15,40,50,18
19,40,38,15,44,23,11,45