4 2 50
number of machines at each stage in each factory:
4,1
2,5
2,4
4,2
speed of each machine:
1.3,1.1,1.3,1.2
1.2
1.3,1.3
1.4,1.2,1.0,1.4,1.3
1.5,1.3
1.4,1.4,1.4,1.4
1.3,1.4,1.3,1.2
1.1,1.4
power consumption of each machine:
8,9,7,8
6
5,8
10,5,6,5,10
6,9
8,8,8,7
10,7,8,10
7,10
standom processing time of each job at each stage:
46,17
22,50
16,46
15,13
42,38
45,26
22,36
16,24
33,34
35,12
38,27
16,46
50,31
29,37
45,17
24,39
27,26
11,25
25,19
50,48
24,16
47,36
18,40
40,21
17,45
30,28
17,22
42,18
31,50
24,24
49,42
47,29
34,26
44,22
14,40
32,19
50,21
30,20
25,30
45,16
21,35
17,40
45,47
15,22
44,14
19,22
49,12
28,32
46,30
27,11