4 5 20
number of machines at each stage in each factory:
4,5,1,2,4
1,1,2,5,5
2,3,5,3,5
4,5,3,5,3
speed of each machine:
1.5,1.2,1.2,1.5
1.4,1.4,1.0,1.3,1.4
1.4
1.3,1.3
1.1,1.4,1.2,1.0
1.3
1.2
1.0,1.5
1.3,1.3,1.5,1.1,1.1
1.3,1.5,1.2,1.3,1.4
1.0,1.1
1.3,1.2,1.4
1.3,1.2,1.3,1.3,1.1
1.3,1.3,1.2
1.4,1.4,1.0,1.2,1.0
1.4,1.0,1.2,1.5
1.4,1.4,1.2,1.4,1.1
1.3,1.0,1.4
1.2,1.1,1.4,1.3,1.0
1.2,1.4,1.1
power consumption of each machine:
5,8,5,8
7,10,10,9,10
5
6,6
5,9,7,10
9
8
9,8
9,7,9,7,5
10,8,5,5,9
10,7
8,5,6
9,8,8,8,8
7,8,8
8,7,9,9,5
8,8,5,8
10,6,5,7,7
7,5,7
5,9,9,6,8
6,9,6
standom processing time of each job at each stage:
16,35,48,10,32
26,29,19,38,20
14,33,24,31,13
34,26,25,17,24
23,25,35,30,31
39,47,32,37,22
22,36,22,17,33
49,22,48,37,15
44,43,36,15,19
35,37,11,28,40
42,36,30,40,49
10,32,44,13,16
22,49,48,29,16
23,46,33,32,12
38,41,19,34,39
22,28,21,46,26
40,30,45,27,12
31,39,46,26,37
18,38,12,45,23
46,46,50,28,43