4 2 100
number of machines at each stage in each factory:
3,1
2,4
1,1
1,4
speed of each machine:
1.4,1.1,1.1
1.0
1.3,1.0
1.1,1.3,1.2,1.1
1.4
1.5
1.0
1.2,1.2,1.1,1.1
power consumption of each machine:
5,5,5
8
10,6
7,7,9,9
5
5
6
5,6,6,9
standom processing time of each job at each stage:
21,30
20,26
22,14
29,26
44,49
11,45
11,28
12,33
45,30
27,32
38,17
43,42
38,26
37,18
30,18
34,24
22,29
46,19
36,15
30,41
27,19
42,23
17,38
46,18
36,34
30,40
27,42
32,49
41,42
33,34
43,31
36,25
38,21
27,17
23,41
14,40
23,23
42,34
46,31
16,33
38,22
38,20
21,45
31,38
18,35
44,21
35,35
14,31
39,10
40,17
43,44
31,44
39,17
40,40
22,21
49,49
31,40
17,38
44,25
32,46
50,36
19,29
50,15
22,36
45,34
44,33
28,10
17,36
42,24
29,36
13,47
31,33
22,28
44,38
16,16
29,23
49,49
10,22
50,14
46,40
31,10
45,23
31,14
44,39
15,49
16,37
42,11
41,17
42,13
33,35
36,24
47,32
22,21
40,43
25,13
16,24
21,15
32,25
26,44
11,48