4 5 20
number of machines at each stage in each factory:
1,1,4,3,4
1,3,2,4,3
5,5,5,4,5
3,4,4,3,2
speed of each machine:
1.2
1.2
1.1,1.1,1.2,1.2
1.3,1.2,1.3
1.3,1.1,1.4,1.5
1.4
1.4,1.3,1.5
1.2,1.4
1.0,1.5,1.5,1.4
1.4,1.1,1.1
1.0,1.5,1.2,1.3,1.2
1.1,1.2,1.4,1.4,1.2
1.0,1.4,1.1,1.3,1.0
1.3,1.2,1.2,1.2
1.3,1.5,1.1,1.2,1.0
1.4,1.3,1.1
1.3,1.1,1.4,1.4
1.4,1.4,1.4,1.3
1.5,1.3,1.2
1.2,1.3
power consumption of each machine:
8
6
8,8,7,9
8,5,5
6,8,8,8
7
10,9,9
10,5
7,8,10,6
9,10,7
10,6,5,6,7
10,10,9,9,7
5,5,10,8,6
10,6,10,6
6,5,8,9,9
7,7,9
10,6,8,10
9,10,6,7
8,8,7
10,6
standom processing time of each job at each stage:
48,42,31,22,29
28,18,21,33,37
26,14,22,44,33
29,43,41,27,35
19,10,18,20,18
47,45,50,45,24
25,16,43,44,41
39,44,43,45,23
22,29,12,41,45
36,20,37,45,13
39,10,15,20,21
40,27,28,11,32
44,24,45,32,39
29,10,40,46,44
21,31,31,37,29
19,27,50,25,20
14,48,23,40,28
16,33,31,36,26
27,47,16,39,44
32,10,32,36,10