4 8 100
number of machines at each stage in each factory:
4,5,2,2,3,1,4,1
1,5,2,4,3,4,5,2
3,4,3,1,2,4,5,4
3,2,3,3,2,2,4,5
speed of each machine:
1.3,1.5,1.3,1.3
1.2,1.1,1.3,1.3,1.1
1.1,1.1
1.3,1.1
1.1,1.3,1.1
1.2
1.2,1.3,1.3,1.2
1.2
1.0
1.4,1.5,1.4,1.2,1.1
1.4,1.0
1.5,1.2,1.2,1.4
1.3,1.3,1.3
1.3,1.2,1.1,1.5
1.1,1.5,1.2,1.1,1.0
1.5,1.1
1.5,1.3,1.4
1.2,1.1,1.1,1.1
1.3,1.2,1.4
1.2
1.2,1.2
1.2,1.1,1.4,1.3
1.0,1.3,1.1,1.3,1.1
1.0,1.2,1.1,1.4
1.0,1.2,1.3
1.2,1.5
1.3,1.5,1.4
1.2,1.2,1.3
1.4,1.2
1.4,1.1
1.5,1.3,1.0,1.3
1.2,1.1,1.4,1.3,1.4
power consumption of each machine:
9,8,9,8
6,5,6,6,10
7,8
9,6
9,8,5
6
8,7,5,6
8
10
10,5,6,9,6
10,6
9,7,10,8
5,8,5
10,7,6,6
8,5,10,6,7
7,7
6,5,9
6,7,8,10
10,9,9
10
8,5
10,6,7,5
6,10,5,7,6
6,8,9,9
10,9,8
10,5
8,7,10
7,7,8
8,7
9,9
6,6,8,6
5,10,8,9,7
standom processing time of each job at each stage:
14,14,42,48,44,24,36,16
25,41,43,43,23,43,19,14
25,16,50,48,43,13,21,11
33,11,43,19,46,48,21,20
34,28,39,42,17,33,23,32
50,38,46,36,43,20,28,45
21,28,12,11,13,49,24,27
14,32,31,21,21,14,48,48
17,42,49,24,12,22,16,41
33,13,46,38,43,15,37,29
15,23,48,46,43,10,35,32
25,41,50,28,13,36,32,11
44,10,42,43,32,50,40,23
35,30,48,36,44,18,32,36
45,23,40,22,16,37,11,28
19,31,41,16,44,15,45,26
29,17,45,23,42,28,31,21
40,25,14,24,26,27,45,42
27,50,49,22,25,13,22,32
46,26,37,19,37,20,27,12
29,20,15,17,32,21,10,41
10,29,11,30,19,48,31,34
26,43,42,25,19,14,42,21
20,11,11,27,24,49,43,32
31,42,32,13,14,22,19,37
17,48,40,25,19,10,15,35
29,15,30,12,33,16,28,15
47,47,43,16,18,21,18,34
23,12,41,17,41,38,36,39
32,42,19,11,31,15,25,41
20,31,48,48,34,44,32,23
14,31,10,13,45,31,27,25
48,35,43,27,38,20,41,29
12,41,23,17,20,31,17,49
40,10,35,15,39,39,14,26
45,33,22,48,32,10,33,38
21,39,48,38,42,21,33,42
29,20,46,49,42,39,35,29
50,12,23,42,18,49,13,21
44,42,39,15,32,13,45,15
35,42,20,35,11,29,17,28
44,26,19,21,14,35,25,14
50,39,24,16,30,21,37,25
18,41,12,35,33,14,18,48
23,10,41,49,12,16,20,14
36,46,39,32,43,23,42,29
32,37,34,23,11,27,33,40
26,50,12,39,17,26,21,31
47,22,45,34,33,28,20,44
40,47,32,13,27,29,26,42
42,36,29,35,33,35,16,30
36,29,12,41,20,37,44,44
44,20,23,28,32,26,32,32
30,19,34,34,26,11,47,38
20,18,36,37,43,25,30,38
26,19,47,45,24,41,45,25
35,23,21,29,48,20,34,38
45,27,34,42,45,18,46,46
10,36,18,28,28,45,24,23
44,36,24,31,14,41,11,46
21,38,20,36,29,25,30,41
10,30,42,32,47,25,33,30
29,12,24,38,10,32,16,28
16,20,50,39,19,49,22,22
18,30,30,29,34,28,10,27
24,38,36,46,21,30,21,24
11,16,39,28,48,37,43,35
15,41,24,28,16,16,17,46
13,45,38,29,30,11,14,38
26,37,13,46,16,35,29,25
17,17,31,24,16,16,44,39
15,39,43,36,45,29,43,10
46,46,28,26,42,21,20,19
36,22,30,49,18,44,34,50
46,42,49,50,17,28,23,10
13,14,45,19,35,11,18,44
11,22,27,46,50,27,32,29
20,49,47,18,48,43,49,28
37,22,15,28,25,16,20,34
30,34,10,37,35,43,49,33
22,35,33,25,26,32,48,26
49,37,12,18,18,24,42,13
21,45,40,15,15,46,47,14
43,36,39,23,42,30,16,43
32,49,12,37,48,10,23,38
35,38,50,22,34,21,10,20
11,26,26,34,29,12,23,44
44,29,20,18,16,43,42,36
16,40,38,35,10,27,48,44
21,38,17,25,21,15,46,32
40,13,23,48,16,28,33,22
36,50,22,14,14,11,32,14
41,42,49,28,19,32,50,40
18,34,11,38,46,30,12,38
43,42,30,15,20,48,31,27
10,25,16,17,42,32,41,24
47,43,18,33,27,20,49,16
31,29,32,31,10,17,29,26
11,35,18,37,17,50,35,14
10,44,45,31,30,40,17,34