4 2 100
number of machines at each stage in each factory:
4,2
2,1
1,2
5,1
speed of each machine:
1.4,1.2,1.0,1.2
1.3,1.5
1.3,1.1
1.4
1.2
1.4,1.4
1.0,1.5,1.5,1.2,1.0
1.2
power consumption of each machine:
8,8,8,8
10,6
6,7
10
7
8,9
9,5,5,10,5
10
standom processing time of each job at each stage:
49,42
47,29
34,26
44,22
14,40
32,19
50,21
30,20
25,30
45,16
21,35
17,40
45,47
15,22
44,14
19,22
49,12
28,32
46,30
27,11
20,36
43,31
49,22
14,15
30,17
46,38
38,23
19,14
47,22
45,38
29,35
44,18
49,46
41,47
37,45
39,23
25,33
19,23
29,11
47,41
32,33
10,34
22,15
38,39
17,21
26,19
15,27
38,39
22,26
29,25
16,17
29,20
24,50
35,46
49,38
27,29
39,15
50,42
33,21
11,42
25,39
30,41
22,44
35,18
36,38
29,40
33,28
46,21
13,38
11,39
27,19
22,20
21,21
39,38
30,33
39,42
43,28
21,32
36,28
36,41
13,30
50,25
38,47
37,45
16,34
14,49
48,20
21,32
14,38
14,49
49,29
48,30
31,16
13,20
16,13
25,41
26,21
36,38
44,22
37,25