4 2 100
number of machines at each stage in each factory:
4,1
2,1
5,4
1,1
speed of each machine:
1.1,1.1,1.0,1.4
1.1
1.3,1.3
1.1
1.5,1.1,1.0,1.1,1.3
1.4,1.0,1.3,1.0
1.3
1.5
power consumption of each machine:
10,7,10,8
10
9,10
5
10,8,10,6,9
10,7,9,8
5
9
standom processing time of each job at each stage:
23,38
28,27
32,29
38,29
14,28
46,30
42,20
41,25
32,16
19,40
24,12
29,10
18,18
17,22
30,18
20,32
18,42
25,15
45,46
10,12
12,37
11,33
11,33
32,29
34,10
23,19
11,19
10,50
33,49
14,27
37,46
43,33
15,46
28,44
40,23
43,45
39,11
28,30
10,44
24,40
50,20
15,25
29,36
31,35
47,27
40,10
38,18
24,10
41,15
36,29
38,21
45,29
13,33
13,41
12,39
48,28
17,10
45,47
11,40
37,41
39,16
17,45
24,19
17,35
36,49
41,48
24,14
31,20
14,42
27,47
13,25
27,33
21,40
36,18
30,20
35,19
41,49
32,26
25,49
25,41
23,27
45,29
38,29
31,26
42,36
40,40
39,24
24,44
18,27
50,20
16,19
39,43
34,28
30,35
15,22
25,34
48,22
11,15
27,21
34,29