4 5 50
number of machines at each stage in each factory:
4,5,2,2,3
1,4,1,1,5
2,4,3,4,5
2,3,4,3,1
speed of each machine:
1.2,1.2,1.4,1.0
1.1,1.3,1.2,1.1,1.2
1.3,1.5
1.2,1.1
1.1,1.1,1.3
1.3
1.1,1.3,1.1,1.1
1.2
1.2
1.2,1.3,1.3,1.2,1.0
1.0,1.1
1.4,1.5,1.4,1.2
1.4,1.0,1.1
1.5,1.2,1.2,1.4
1.3,1.3,1.3,1.1,1.2
1.3,1.2
1.1,1.5,1.2
1.5,1.1,1.5,1.2
1.5,1.3,1.4
1.2
power consumption of each machine:
7,10,7,10
8,6,7,9,7
6,7
8,6
9,5,7
6
7,9,10,6
5
10
6,9,10,10,6
6,9
8,9,8,8
9,7,7
5,8,6,5
9,7,9,7,10
6,10
9,7,10
7,10,9,7
6,9,7
7
standom processing time of each job at each stage:
14,39,12,40,19
39,45,44,46,42
34,46,45,27,19
34,11,47,16,20
21,12,36,43,48
44,27,22,10,32
28,16,46,31,14
23,50,13,42,43
29,15,45,12,31
37,50,13,15,50
19,46,24,17,11
38,23,38,20,17
29,50,50,44,48
15,20,49,32,32
19,37,50,12,36
40,12,21,17,11
34,25,33,46,33
19,49,44,43,16
44,39,23,16,49
15,38,46,30,27
23,31,13,29,15
45,23,32,30,43
31,43,24,44,34
29,11,31,33,50
40,33,49,45,40
48,44,21,21,35
47,34,15,32,13
44,41,26,17,13
20,21,20,49,20
31,15,30,38,11
36,26,11,27,20
18,47,45,46,14
14,42,48,44,24
36,16,25,41,43
43,23,43,19,14
25,16,50,48,43
13,21,11,33,11
43,19,46,48,21
20,34,28,39,42
17,33,23,32,50
38,46,36,43,20
28,45,21,28,12
11,13,49,24,27
14,32,31,21,21
14,48,48,17,42
49,24,12,22,16
41,33,13,46,38
43,15,37,29,15
23,48,46,43,10
35,32,25,41,50