4 5 20
number of machines at each stage in each factory:
5,1,4,2,5
4,1,3,2,1
4,2,5,1,5
4,1,3,1,3
speed of each machine:
1.4,1.3,1.3,1.4,1.2
1.3
1.5,1.1,1.3,1.5
1.4,1.5
1.5,1.4,1.2,1.2,1.3
1.2,1.2,1.2,1.4
1.3
1.3,1.2,1.0
1.4,1.1
1.3
1.2,1.1,1.2,1.2
1.2,1.1
1.2,1.3,1.2,1.2,1.4
1.3
1.3,1.2,1.1,1.1,1.3
1.1,1.1,1.2,1.3
1.3
1.1,1.5,1.3
1.4
1.4,1.2,1.5
power consumption of each machine:
10,7,7,7,8
8
9,9,6,10
8,10
10,6,8,7,10
6,9,10,10
7
6,9,5
5,6
6
9,7,8,6
5,5
8,8,8,9,10
5
9,9,8,5,8
8,8,7,5
7
10,10,10
9
10,8,5
standom processing time of each job at each stage:
26,22,36,16,24
33,34,35,12,38
27,16,46,50,31
29,37,45,17,24
39,27,26,11,25
25,19,50,48,24
16,47,36,18,40
40,21,17,45,30
28,17,22,42,18
31,50,24,24,49
42,47,29,34,26
44,22,14,40,32
19,50,21,30,20
25,30,45,16,21
35,17,40,45,47
15,22,44,14,19
22,49,12,28,32
46,30,27,11,20
36,43,31,49,22
14,15,30,17,46