4 5 50
number of machines at each stage in each factory:
3,1,2,4,1
1,1,4,3,4
2,2,3,1,5
5,1,3,2,3
speed of each machine:
1.3,1.3,1.0
1.2
1.3,1.4
1.5,1.5,1.3,1.5
1.2
1.1
1.2
1.2,1.1,1.1,1.3
1.2,1.2,1.4
1.3,1.2,1.3,1.2
1.2,1.2
1.1,1.3
1.3,1.0,1.0
1.1
1.3,1.3,1.4,1.1,1.5
1.4,1.4,1.2,1.4,1.4
1.3
1.1,1.1,1.4
1.4,1.3
1.4,1.2,1.2
power consumption of each machine:
5,5,6
8
9,6
6,10,10,5
9
9
8
6,7,8,6
6,8,9
5,5,10,6
10,7
9,8
9,9,10
7
9,6,8,5,10
9,7,8,5,9
7
7,10,5
7,8
7,10,9
standom processing time of each job at each stage:
38,16,16,29,23
49,49,10,22,50
14,46,40,31,10
45,23,31,14,44
39,15,49,16,37
42,11,41,17,42
13,33,35,36,24
47,32,22,21,40
43,25,13,16,24
21,15,32,25,26
44,11,48,28,39
31,36,22,33,27
40,46,17,20,35
45,20,44,11,30
28,22,14,13,44
14,31,18,29,11
28,48,15,37,21
13,20,35,29,31
49,44,16,40,36
41,43,10,46,24
47,48,46,35,33
42,30,28,20,35
41,37,22,50,21
34,36,34,36,14
38,10,30,20,15
38,19,30,48,29
42,29,43,14,21
41,31,18,35,45
42,22,11,30,50
21,30,45,39,42
34,17,30,45,13
32,33,19,43,25
23,38,28,38,17
15,12,40,12,11
29,30,38,36,50
24,26,40,32,34
45,41,33,43,28
34,41,42,14,50
18,21,42,22,46
36,12,16,28,40
10,43,31,15,35
15,39,35,32,28
43,43,34,23,31
34,17,43,30,39
16,29,39,23,32
25,50,25,42,43
39,30,30,17,50
21,42,40,23,16
22,10,45,18,26
29,34,22,43,50