4 8 20
number of machines at each stage in each factory:
4,1,2,1,5,4,1,1
5,2,1,4,5,4,2,5
3,2,2,3,2,2,2,3
1,3,1,1,5,5,2,4
speed of each machine:
1.3,1.0,1.5,1.2
1.4
1.4,1.5
1.1
1.1,1.2,1.3,1.1,1.1
1.5,1.2,1.2,1.0
1.1
1.1
1.3,1.1,1.1,1.4,1.4
1.3,1.1
1.1
1.5,1.2,1.2,1.4
1.0,1.1,1.2,1.1,1.2
1.3,1.4,1.2,1.5
1.2,1.0
1.4,1.5,1.3,1.3,1.1
1.3,1.4,1.4
1.1,1.4
1.1,1.3
1.3,1.2,1.2
1.4,1.3
1.3,1.1
1.1,1.2
1.4,1.4,1.1
1.4
1.5,1.4,1.5
1.4
1.4
1.2,1.1,1.3,1.1,1.4
1.4,1.4,1.4,1.5,1.4
1.4,1.0
1.1,1.2,1.2,1.3
power consumption of each machine:
9,9,10,6
6
8,10
7
6,6,5,8,7
7,7,6,10
5
6
10,5,9,6,10
6,8
5
6,5,8,5
8,9,9,7,10
5,10,9,10
7,6
8,9,9,9,5
5,8,5
10,7
10,7
10,6,7
7,8
7,9
7,5
5,6,9
10
10,9,6
5
9
6,6,10,5,6
10,10,7,9,7
7,7
8,6,6,10
standom processing time of each job at each stage:
11,16,36,24,27,36,42,41
35,15,48,22,25,48,25,27
48,46,38,27,26,48,19,48
44,36,13,15,16,36,28,21
40,39,43,40,39,39,31,16
26,25,29,37,16,17,23,10
47,11,32,26,13,23,26,21
11,43,19,26,11,40,15,31
20,43,28,48,44,28,47,22
17,39,34,46,25,10,10,16
36,14,27,22,41,49,46,44
40,37,21,12,42,29,17,22
12,10,41,32,20,47,10,22
35,49,43,34,17,14,27,15
15,27,30,32,11,20,16,47
43,49,10,40,33,17,14,35
27,27,19,11,32,43,37,50
28,39,12,20,36,34,19,21
26,12,19,39,11,23,31,35
36,24,14,41,26,16,38,26