4 5 20
number of machines at each stage in each factory:
3,2,1,1,3
2,3,5,2,1
5,3,5,3,5
4,1,2,1,3
speed of each machine:
1.3,1.4,1.0
1.2,1.2
1.4
1.0
1.1,1.2,1.3
1.3,1.2
1.1,1.0,1.5
1.1,1.0,1.3,1.5,1.2
1.4,1.3
1.4
1.0,1.0,1.1,1.4,1.1
1.0,1.5,1.1
1.2,1.0,1.3,1.2,1.4
1.5,1.1,1.4
1.3,1.5,1.1,1.2,1.5
1.1,1.1,1.5,1.2
1.3
1.1,1.0
1.4
1.2,1.4,1.4
power consumption of each machine:
7,8,8
10,6
9
6
6,7,8
9,9
7,6,10
6,6,5,9,10
10,8
7
9,10,8,5,10
7,10,9
10,9,8,6,10
6,8,10
10,7,9,5,10
5,10,5,7
6
8,9
9
8,9,9
standom processing time of each job at each stage:
13,25,38,26,19
33,32,49,25,37
45,36,17,12,17
50,21,12,40,19
32,34,33,15,50
43,39,44,13,26
31,48,10,35,15
31,29,31,38,20
41,22,11,43,19
20,50,38,11,42
37,28,25,22,19
26,28,11,47,22
23,29,15,33,45
32,13,16,20,20
46,44,18,47,17
48,22,12,18,44
48,30,37,42,39
49,35,41,26,38
29,23,26,10,37
43,23,37,33,34