4 8 50
number of machines at each stage in each factory:
1,5,4,4,1,2,2,2
3,3,5,3,2,4,4,5
3,4,1,2,4,4,3,4
4,1,1,1,4,5,3,1
speed of each machine:
1.1
1.2,1.0,1.5,1.4,1.1
1.1,1.5,1.3,1.2
1.1,1.4,1.4,1.4
1.1
1.3,1.3
1.2,1.5
1.2,1.1
1.4,1.1,1.0
1.4,1.2,1.0
1.1,1.0,1.1,1.4,1.3
1.1,1.4,1.3
1.4,1.2
1.4,1.3,1.0,1.4
1.3,1.2,1.5,1.2
1.1,1.0,1.2,1.2,1.5
1.1,1.1,1.4
1.3,1.3,1.0,1.2
1.2
1.1,1.5
1.0,1.3,1.4,1.3
1.0,1.0,1.4,1.4
1.0,1.5,1.3
1.2,1.4,1.3,1.2
1.0,1.1,1.3,1.4
1.0
1.0
1.2
1.4,1.2,1.4,1.4
1.5,1.0,1.1,1.1,1.4
1.4,1.4,1.1
1.4
power consumption of each machine:
7
6,8,6,10,5
8,6,10,7
6,7,5,8
6
7,10
9,5
5,9
6,9,10
8,9,10
6,9,5,9,6
9,6,9
7,8
6,8,5,6
10,5,8,9
8,8,8,10,9
10,10,9
6,7,6,10
8
5,9
8,7,8,5
5,8,8,10
7,5,6
8,9,9,9
5,9,10,5
8
8
10
7,8,6,8
6,9,10,9,8
6,5,8
5
standom processing time of each job at each stage:
21,44,12,34,25,25,36,43
33,22,39,17,28,49,24,34
11,26,44,50,49,17,22,21
24,36,49,11,36,16,20,22
33,36,10,25,23,31,26,50
39,24,28,41,39,36,24,22
47,44,10,36,26,46,24,26
22,37,48,15,21,14,23,42
43,39,19,34,50,11,23,32
12,30,10,33,31,40,18,37
49,47,43,14,22,44,36,17
13,47,28,11,22,47,37,33
32,34,39,42,47,44,39,11
27,34,28,33,44,27,36,26
31,33,34,37,10,39,22,46
19,28,13,46,18,13,14,27
43,19,12,17,46,45,47,21
10,47,47,16,17,33,26,35
10,15,10,44,30,26,28,43
49,45,44,38,37,17,13,35
11,17,24,21,39,35,26,10
41,31,24,32,18,20,32,50
44,27,33,19,12,48,45,29
24,50,14,14,23,23,27,28
25,29,40,14,39,42,11,42
19,27,26,26,50,40,48,11
32,46,42,28,33,22,21,22
15,15,18,25,26,45,31,46
41,17,41,42,34,47,38,35
21,11,35,21,34,41,30,49
18,43,21,47,13,37,42,40
11,48,42,11,36,39,50,21
10,34,37,32,22,37,48,42
14,46,10,34,22,16,17,29
32,27,26,36,33,16,22,48
16,46,33,10,38,49,32,47
26,20,23,35,25,35,29,33
37,35,28,38,32,22,32,45
50,24,23,20,41,42,31,18
30,17,36,30,34,49,46,21
15,46,14,25,46,21,19,35
15,49,50,14,25,38,28,37
17,21,38,15,44,29,44,32
20,33,50,30,20,19,36,49
32,10,50,39,39,27,19,37
44,43,11,48,29,10,31,49
29,46,30,39,16,10,27,11
41,39,16,20,37,23,14,32
26,37,45,34,19,12,20,36
37,41,19,20,39,16,32,38