4 8 20
number of machines at each stage in each factory:
5,2,4,4,5,2,1,2
3,3,1,5,1,5,1,4
3,4,5,5,1,1,1,4
1,3,1,2,5,2,4,4
speed of each machine:
1.4,1.3,1.2,1.1,1.2
1.2,1.2
1.2,1.3,1.1,1.2
1.3,1.2,1.2,1.4
1.5,1.1,1.4,1.2,1.2
1.3,1.3
1.4
1.0,1.2
1.5,1.4,1.2
1.2,1.2,1.4
1.2
1.2,1.4,1.4,1.3,1.2
1.4
1.0,1.4,1.1,1.2,1.4
1.4
1.4,1.2,1.3,1.4
1.4,1.0,1.2
1.3,1.3,1.4,1.5
1.1,1.3,1.1,1.1,1.3
1.1,1.4,1.4,1.0,1.3
1.4
1.5
1.1
1.0,1.1,1.4,1.0
1.2
1.3,1.2,1.1
1.5
1.5,1.2
1.4,1.0,1.1,1.1,1.1
1.5,1.0
1.2,1.1,1.3,1.3
1.4,1.1,1.1,1.2
power consumption of each machine:
6,5,10,7,9
9,9
7,5,10,7
7,10,10,10
5,7,9,10,7
9,5
5
6,9
6,8,9
10,9,5
10
5,10,8,10,10
10
6,6,5,9,7
7
5,5,10,5
6,7,8
7,6,8,6
10,5,6,8,8
8,7,9,7,5
7
5
8
10,6,6,6
5
8,8,10
8
10,5
7,5,6,8,7
7,7
5,7,7,5
5,7,5,10
standom processing time of each job at each stage:
10,33,30,39,41,32,40,10
44,30,25,30,27,20,10,10
44,45,38,45,31,48,34,32
33,38,21,21,32,38,46,12
39,49,18,48,36,27,26,17
14,13,33,38,46,41,50,31
10,38,17,36,15,22,11,31
35,35,31,48,47,35,14,39
32,42,32,44,20,23,45,43
48,49,26,14,33,10,28,19
16,27,12,24,12,41,18,23
38,36,49,28,30,33,38,38
25,43,10,11,34,49,46,32
11,30,18,33,37,45,24,32
35,35,40,22,33,48,34,32
37,12,28,47,27,27,14,35
39,21,47,41,13,40,23,15
49,10,25,46,23,42,42,21
11,42,49,16,13,48,40,14
37,50,40,36,36,37,35,12