4 8 20
number of machines at each stage in each factory:
1,1,4,3,4,1,3,2
4,3,5,5,5,4,5,3
4,4,3,2,3,5,4,1
5,4,2,3,1,5,5,3
speed of each machine:
1.1
1.2
1.5,1.1,1.1,1.4
1.1,1.5,1.2
1.2,1.2,1.1,1.4
1.5
1.2,1.4,1.5
1.4,1.2
1.4,1.5,1.4,1.3
1.3,1.3,1.2
1.4,1.2,1.1,1.2,1.4
1.2,1.3,1.4,1.5,1.4
1.2,1.3,1.2,1.2,1.5
1.3,1.5,1.4,1.1
1.3,1.4,1.3,1.5,1.3
1.2,1.2,1.3
1.1,1.4,1.4,1.3
1.5,1.5,1.5,1.0
1.4,1.4,1.3
1.1,1.5
1.0,1.0,1.1
1.4,1.3,1.1,1.0,1.4
1.1,1.1,1.3,1.2
1.1
1.1,1.4,1.3,1.0,1.0
1.5,1.2,1.5,1.4
1.2,1.0
1.0,1.2,1.3
1.2
1.2,1.4,1.1,1.1,1.0
1.2,1.0,1.4,1.1,1.3
1.3,1.4,1.1
power consumption of each machine:
7
7
5,9,9,10
6,8,6
6,8,5,5
7
5,8,6
7,6
6,8,10,7
8,10,7
7,8,7,9,7
7,8,7,8,8
7,8,10,5,9
10,7,8,7
7,6,7,6,9
8,10,8
9,7,8,10
8,9,8,6
5,7,6
7,10
10,6,10
7,8,5,7,5
9,8,8,9
6
10,5,5,8,8
5,9,5,8
9,10
8,5,8
6
8,9,9,5,7
7,6,5,10,6
5,8,10
standom processing time of each job at each stage:
18,24,22,37,39,19,50,22
43,27,12,44,32,40,21,34
25,29,37,35,46,18,46,42
42,37,14,22,33,15,35,40
36,32,42,37,48,34,36,38
41,42,49,15,17,41,16,19
29,26,30,19,37,26,20,41
22,19,30,49,32,15,19,31
38,28,42,19,50,12,11,48
27,35,45,35,44,12,18,12
28,32,48,15,42,31,25,20
13,20,33,32,41,47,17,42
25,27,21,43,37,16,27,41
16,15,22,15,40,34,19,43
43,47,35,15,22,39,10,13
15,17,48,43,12,10,39,23
24,22,43,18,40,11,50,32
16,46,23,12,12,13,40,20
33,29,26,24,44,38,27,15
28,12,42,21,15,43,18,18