4 2 50
number of machines at each stage in each factory:
5,2
4,4
5,2
1,2
speed of each machine:
1.0,1.1,1.2,1.3,1.4
1.2,1.0
1.2,1.5,1.0,1.3
1.1,1.3,1.5,1.1
1.4,1.3,1.2,1.1,1.2
1.2,1.2
1.2
1.3,1.2
power consumption of each machine:
10,6,10,6,7
8,7
8,7,5,9
8,6,6,9
9,9,10,9,8
8,5
7
8,10
standom processing time of each job at each stage:
18,48
16,31
37,17
27,15
46,39
36,10
32,44
22,16
50,44
39,48
27,15
25,22
50,38
47,19
33,31
14,37
22,21
16,43
31,31
40,38
22,22
46,17
31,48
25,28
38,26
15,45
23,42
33,41
43,50
37,24
42,44
41,48
28,19
19,23
31,11
41,24
26,35
43,31
29,28
10,23
20,37
38,18
43,46
35,38
17,25
10,28
49,10
19,44
15,31
26,21