4 5 50
number of machines at each stage in each factory:
2,5,5,2,5
2,3,5,4,1
5,4,5,4,2
4,4,2,3,5
speed of each machine:
1.4,1.5
1.0,1.1,1.3,1.4,1.2
1.0,1.4,1.2,1.2,1.5
1.0,1.0
1.2,1.3,1.2,1.5,1.2
1.1,1.0
1.1,1.0,1.1
1.5,1.3,1.4,1.2,1.3
1.0,1.1,1.3,1.3
1.1
1.5,1.3,1.0,1.2,1.2
1.3,1.2,1.4,1.5
1.2,1.2,1.2,1.4,1.5
1.0,1.1,1.1,1.1
1.4,1.1
1.4,1.3,1.3,1.1
1.1,1.0,1.4,1.2
1.2,1.2
1.3,1.5,1.1
1.3,1.1,1.3,1.4,1.5
power consumption of each machine:
6,8
9,5,8,7,8
5,10,7,8,6
7,9
8,10,7,5,6
7,7
6,10,6
6,7,9,6,7
6,9,8,10
5
10,5,9,8,8
5,6,6,6
7,10,10,9,7
6,8,8,9
8,5
8,7,8,8
5,5,8,9
7,5
7,7,9
5,8,7,5,5
standom processing time of each job at each stage:
31,29,17,36,39
19,33,30,23,33
34,48,11,19,16
18,43,33,30,32
45,12,17,27,26
46,45,14,48,28
16,30,45,10,20
21,33,20,37,49
31,37,28,46,16
41,38,29,45,35
17,28,18,39,39
26,31,24,12,44
25,22,38,14,32
23,30,30,45,10
18,13,24,11,35
33,47,35,50,11
33,29,19,12,36
28,13,34,13,25
26,30,14,45,35
47,43,31,17,17
12,13,29,18,45
30,28,18,24,10
27,19,23,37,14
49,45,27,20,47
23,18,32,39,33
33,28,43,48,32
38,28,43,46,15
27,37,16,18,32
26,24,41,20,12
19,48,35,43,42
41,32,36,25,26
35,25,32,18,43
48,38,41,26,40
35,39,44,15,31
42,47,32,23,35
31,31,16,12,45
28,36,14,37,22
15,20,49,45,45
27,23,33,23,48
35,37,48,41,45
22,40,27,27,13
43,48,39,34,45
43,41,31,39,27
28,49,49,13,12
49,25,15,45,17
37,26,12,15,50
25,16,13,10,50
18,19,16,10,49
49,30,12,17,44
39,41,16,13,24