4 8 20
number of machines at each stage in each factory:
4,5,1,2,4,1,1,2
5,5,2,3,5,3,5,4
5,3,5,3,5,2,2,1
2,2,2,2,1,5,2,1
speed of each machine:
1.4,1.1,1.0,1.3
1.3,1.2,1.1,1.1,1.1
1.4
1.1,1.2
1.0,1.5,1.1,1.3
1.5
1.3
1.5,1.2
1.1,1.4,1.0,1.4,1.3
1.2,1.4,1.2,1.3,1.3
1.2,1.3
1.3,1.2,1.4
1.4,1.0,1.2,1.0,1.4
1.0,1.2,1.5
1.4,1.2,1.4,1.1,1.3
1.0,1.4,1.2,1.4
1.1,1.4,1.3,1.0,1.2
1.4,1.1,1.2
1.1,1.0,1.3,1.1,1.2
1.1,1.3,1.1
1.5,1.1,1.1,1.0,1.3
1.2,1.2
1.3,1.2
1.2
1.3,1.0
1.2,1.1
1.5,1.2
1.1,1.5
1.0
1.1,1.1,1.3,1.1,1.5
1.2,1.1
1.0
power consumption of each machine:
5,5,8,6
9,8,7,8,9
10
5,9
9,6,7,10
10
9
10,8
5,10,10,7,6
8,7,5,10,6
9,6
7,5,7
7,9,8,9,8
5,10,10
7,9,6,7,10
6,6,6,5
10,9,9,7,7
8,6,9
8,7,9,6,8
6,6,7
9,10,5,8,5
9,7
6,9
6
10,7
7,7
7,5
10,5
9
8,6,7,5,6
9,7
9
standom processing time of each job at each stage:
26,49,39,21,24,50,40,18
50,40,33,12,38,10,49,22
27,43,20,38,21,15,27,15
32,24,33,27,20,18,29,22
35,23,26,14,34,37,14,13
22,12,22,42,42,25,46,20
22,28,40,15,26,41,42,41
45,34,25,31,29,23,43,14
49,13,44,44,24,28,48,48
27,15,48,37,18,50,15,15
17,24,47,24,43,37,23,40
19,13,13,13,43,45,26,38
47,10,47,39,28,24,49,16
38,20,42,39,28,46,39,49
38,39,49,36,37,22,27,17
37,17,29,42,22,48,42,40
32,15,37,41,32,22,32,48
28,39,39,28,41,44,29,39
32,25,17,38,29,37,29,25
16,34,32,21,47,11,39,25