4 8 100
number of machines at each stage in each factory:
5,2,4,4,5,2,1,2
3,3,1,5,1,5,1,4
3,4,5,5,1,1,1,4
1,3,1,2,5,2,4,4
speed of each machine:
1.4,1.3,1.2,1.1,1.2
1.2,1.2
1.2,1.3,1.1,1.2
1.3,1.2,1.2,1.4
1.5,1.1,1.4,1.2,1.2
1.3,1.3
1.4
1.0,1.2
1.5,1.4,1.2
1.2,1.2,1.4
1.2
1.2,1.4,1.4,1.3,1.2
1.4
1.0,1.4,1.1,1.2,1.4
1.4
1.4,1.2,1.3,1.4
1.4,1.0,1.2
1.3,1.3,1.4,1.5
1.1,1.3,1.1,1.1,1.3
1.1,1.4,1.4,1.0,1.3
1.4
1.5
1.1
1.0,1.1,1.4,1.0
1.2
1.3,1.2,1.1
1.5
1.5,1.2
1.4,1.0,1.1,1.1,1.1
1.5,1.0
1.2,1.1,1.3,1.3
1.4,1.1,1.1,1.2
power consumption of each machine:
6,5,10,7,9
9,9
7,5,10,7
7,10,10,10
5,7,9,10,7
9,5
5
6,9
6,8,9
10,9,5
10
5,10,8,10,10
10
6,6,5,9,7
7
5,5,10,5
6,7,8
7,6,8,6
10,5,6,8,8
8,7,9,7,5
7
5
8
10,6,6,6
5
8,8,10
8
10,5
7,5,6,8,7
7,7
5,7,7,5
5,7,5,10
standom processing time of each job at each stage:
10,33,30,39,41,32,40,10
44,30,25,30,27,20,10,10
44,45,38,45,31,48,34,32
33,38,21,21,32,38,46,12
39,49,18,48,36,27,26,17
14,13,33,38,46,41,50,31
10,38,17,36,15,22,11,31
35,35,31,48,47,35,14,39
32,42,32,44,20,23,45,43
48,49,26,14,33,10,28,19
16,27,12,24,12,41,18,23
38,36,49,28,30,33,38,38
25,43,10,11,34,49,46,32
11,30,18,33,37,45,24,32
35,35,40,22,33,48,34,32
37,12,28,47,27,27,14,35
39,21,47,41,13,40,23,15
49,10,25,46,23,42,42,21
11,42,49,16,13,48,40,14
37,50,40,36,36,37,35,12
31,30,20,43,47,28,27,27
44,18,23,15,32,50,28,11
42,17,14,39,22,46,10,47
12,31,32,19,40,32,33,20
18,21,49,13,17,26,16,17
23,26,12,49,14,12,39,47
23,34,10,31,45,36,39,25
14,31,37,20,37,10,31,35
13,15,10,27,20,49,33,49
12,29,32,22,34,12,17,38
47,17,45,42,35,30,15,45
25,50,14,37,18,11,30,12
23,18,31,21,10,20,43,37
41,21,41,46,43,19,39,24
12,19,21,11,44,27,15,48
41,24,27,32,26,15,49,30
12,32,14,43,49,42,34,20
26,42,29,28,28,10,22,31
26,37,28,25,38,29,20,35
10,34,42,49,24,47,49,24
37,12,27,11,12,40,19,33
14,46,40,26,15,49,11,36
42,23,21,49,21,43,47,34
36,30,42,48,38,28,11,20
20,50,12,41,49,41,25,16
30,32,18,27,41,17,19,37
47,41,18,48,10,41,33,42
17,10,40,37,45,30,10,50
12,16,44,23,38,14,30,27
49,32,28,41,33,24,26,27
17,17,45,10,31,39,40,19
19,11,30,26,25,36,45,12
29,15,23,12,42,50,48,41
21,32,10,31,11,24,28,45
20,44,16,20,36,24,17,39
40,34,18,35,41,34,24,45
25,20,43,20,37,39,41,18
18,33,46,26,15,41,22,29
13,22,48,22,44,15,26,45
14,36,27,50,31,14,28,43
13,24,13,16,32,39,17,11
23,29,48,14,26,46,21,29
18,44,25,50,36,13,35,38
12,43,40,32,35,32,17,34
41,20,25,41,35,32,46,32
41,40,14,15,38,46,25,26
31,12,31,39,14,31,17,30
30,30,24,12,18,17,32,48
23,23,34,24,26,16,38,48
14,49,13,29,21,40,46,26
12,20,18,50,12,41,15,16
18,42,49,29,49,34,47,31
43,39,20,29,35,31,37,30
33,13,36,32,48,39,36,40
31,19,37,12,49,33,21,45
28,41,42,25,46,40,25,25
21,19,45,26,42,22,24,21
39,45,28,26,31,35,44,20
37,27,17,32,48,37,13,23
19,35,24,23,18,50,48,30
40,49,30,50,26,42,35,13
31,15,43,18,39,23,49,48
39,43,22,50,21,11,31,37
38,43,11,22,35,16,45,20
35,29,32,27,48,39,42,16
26,23,24,11,40,27,44,43
10,29,38,15,30,29,50,11
25,25,27,19,35,43,12,48
10,38,10,18,16,38,38,42
27,31,43,17,14,15,47,40
39,43,15,34,10,49,26,26
22,32,13,30,14,16,47,24
16,17,16,47,43,21,34,25
25,25,11,17,43,39,36,37
24,13,37,26,50,22,26,17
47,17,23,21,28,19,19,12
43,14,12,40,34,15,12,18
12,34,34,48,20,35,17,33
29,12,19,47,31,18,41,37
12,31,34,13,32,39,45,35