4 8 100
number of machines at each stage in each factory:
4,5,1,2,4,1,1,2
5,5,2,3,5,3,5,4
5,3,5,3,5,2,2,1
2,2,2,2,1,5,2,1
speed of each machine:
1.4,1.1,1.0,1.3
1.3,1.2,1.1,1.1,1.1
1.4
1.1,1.2
1.0,1.5,1.1,1.3
1.5
1.3
1.5,1.2
1.1,1.4,1.0,1.4,1.3
1.2,1.4,1.2,1.3,1.3
1.2,1.3
1.3,1.2,1.4
1.4,1.0,1.2,1.0,1.4
1.0,1.2,1.5
1.4,1.2,1.4,1.1,1.3
1.0,1.4,1.2,1.4
1.1,1.4,1.3,1.0,1.2
1.4,1.1,1.2
1.1,1.0,1.3,1.1,1.2
1.1,1.3,1.1
1.5,1.1,1.1,1.0,1.3
1.2,1.2
1.3,1.2
1.2
1.3,1.0
1.2,1.1
1.5,1.2
1.1,1.5
1.0
1.1,1.1,1.3,1.1,1.5
1.2,1.1
1.0
power consumption of each machine:
5,5,8,6
9,8,7,8,9
10
5,9
9,6,7,10
10
9
10,8
5,10,10,7,6
8,7,5,10,6
9,6
7,5,7
7,9,8,9,8
5,10,10
7,9,6,7,10
6,6,6,5
10,9,9,7,7
8,6,9
8,7,9,6,8
6,6,7
9,10,5,8,5
9,7
6,9
6
10,7
7,7
7,5
10,5
9
8,6,7,5,6
9,7
9
standom processing time of each job at each stage:
26,49,39,21,24,50,40,18
50,40,33,12,38,10,49,22
27,43,20,38,21,15,27,15
32,24,33,27,20,18,29,22
35,23,26,14,34,37,14,13
22,12,22,42,42,25,46,20
22,28,40,15,26,41,42,41
45,34,25,31,29,23,43,14
49,13,44,44,24,28,48,48
27,15,48,37,18,50,15,15
17,24,47,24,43,37,23,40
19,13,13,13,43,45,26,38
47,10,47,39,28,24,49,16
38,20,42,39,28,46,39,49
38,39,49,36,37,22,27,17
37,17,29,42,22,48,42,40
32,15,37,41,32,22,32,48
28,39,39,28,41,44,29,39
32,25,17,38,29,37,29,25
16,34,32,21,47,11,39,25
44,32,32,49,28,50,26,27
34,48,10,43,28,17,24,46
36,42,11,34,32,44,40,31
14,13,28,43,21,21,22,14
10,35,50,17,17,43,17,44
14,15,49,22,42,31,38,17
38,35,43,11,23,48,31,37
48,30,43,11,41,48,38,21
45,41,12,13,42,20,42,43
15,10,47,18,34,26,42,42
34,31,37,45,14,42,34,48
35,42,50,43,16,11,41,17
23,13,38,25,39,12,29,42
28,50,44,40,42,29,30,50
14,19,10,36,31,20,31,43
48,47,49,43,41,17,15,16
33,32,49,41,47,48,33,38
46,12,20,30,10,26,40,13
24,15,20,37,43,18,14,49
42,43,17,43,24,23,31,46
22,36,28,47,45,22,45,35
47,11,10,25,38,50,16,42
36,30,48,11,26,35,29,40
10,31,43,11,35,48,22,28
23,23,34,36,29,49,44,25
47,48,42,46,44,11,42,40
47,17,42,15,11,43,40,28
27,28,41,17,31,28,37,19
14,23,33,41,47,10,28,41
11,30,24,14,35,29,37,38
18,22,21,18,20,33,34,35
28,28,15,31,19,23,28,33
41,43,24,50,18,11,32,12
32,11,18,17,33,23,10,49
13,20,44,43,21,12,20,37
15,36,13,41,21,13,11,23
27,18,48,14,16,22,19,15
25,30,41,36,17,12,42,21
28,10,47,19,36,30,25,11
15,12,35,38,29,27,15,25
20,39,27,27,17,27,32,10
17,39,38,45,44,50,15,38
44,44,29,23,47,35,14,21
39,22,35,42,50,33,35,50
34,41,38,10,32,34,32,20
41,19,49,16,40,13,28,22
19,20,37,11,31,16,19,46
33,18,33,28,31,13,24,30
31,19,12,30,26,23,45,21
38,31,44,38,28,18,40,10
23,28,48,21,29,22,14,35
50,45,15,41,39,12,42,17
39,18,37,43,39,14,48,43
19,13,24,30,45,38,38,14
25,21,41,46,22,48,29,26
46,20,16,36,46,40,45,10
48,28,41,41,32,10,16,42
37,10,36,30,36,11,47,23
50,28,28,48,48,33,14,15
33,12,29,46,27,31,23,36
42,18,18,30,14,28,31,49
39,20,35,33,40,36,23,21
20,34,34,14,37,23,16,12
13,39,14,38,45,47,28,48
23,24,16,37,26,30,33,45
17,16,31,10,36,19,38,13
31,43,17,18,49,43,49,45
17,37,50,17,46,40,19,34
31,10,29,29,31,37,43,50
31,40,28,13,45,41,39,49
32,20,18,41,22,28,17,33
18,33,44,40,13,14,25,34
40,36,44,33,50,45,26,33
36,24,33,34,34,25,13,19
30,12,40,22,35,10,43,44
23,21,36,34,23,50,41,48
25,35,41,43,48,38,30,24
19,13,27,25,13,16,15,30
23,34,25,46,26,19,29,34
28,24,16,37,33,15,14,33