4 8 20
number of machines at each stage in each factory:
3,2,4,5,3,3,1,2
2,4,2,3,2,5,5,2
1,3,5,5,4,3,3,2
3,4,2,5,1,3,3,4
speed of each machine:
1.2,1.3,1.0
1.4,1.2
1.4,1.4,1.4,1.4
1.4,1.2,1.2,1.4,1.2
1.5,1.4,1.1
1.4,1.2,1.3
1.3
1.3,1.2
1.2,1.1
1.3,1.2,1.2,1.2
1.0,1.2
1.0,1.3,1.4
1.2,1.0
1.2,1.1,1.4,1.5,1.0
1.4,1.2,1.2,1.3,1.2
1.0,1.4
1.5
1.2,1.0,1.4
1.5,1.3,1.1,1.2,1.5
1.1,1.4,1.2,1.1,1.4
1.2,1.0,1.2,1.4
1.0,1.5,1.1
1.4,1.4,1.4
1.1,1.4
1.3,1.2,1.5
1.1,1.1,1.3,1.3
1.2,1.3
1.1,1.4,1.2,1.3,1.4
1.4
1.0,1.1,1.2
1.1,1.3,1.4
1.1,1.3,1.1,1.2
power consumption of each machine:
10,10,5
5,7
10,7,8,7
9,7,6,7,5
10,10,10
7,8,9
7
8,7
10,9
5,9,6,5
9,8
9,9,10
7,8
6,9,10,6,10
8,6,9,7,9
8,7
9
6,9,5
9,9,9,8,9
6,8,7,8,9
9,5,7,9
10,7,6
9,9,8
6,5
9,8,5
8,6,8,7
6,6
7,6,7,8,7
8
5,10,5
9,9,5
7,10,10,6
standom processing time of each job at each stage:
15,21,18,32,36,39,23,19
20,11,30,31,21,11,13,24
37,42,43,37,12,18,21,42
26,28,15,19,36,38,15,31
25,19,45,21,26,42,31,36
36,41,12,40,34,43,15,38
40,15,36,11,28,31,10,40
17,35,26,35,13,19,45,13
38,22,11,36,33,10,37,28
49,28,22,16,28,19,50,21
29,17,50,35,39,38,43,24
48,13,31,43,19,45,32,29
14,14,40,31,16,19,27,46
46,35,40,44,28,26,16,23
41,44,10,42,46,19,15,39
41,13,12,37,29,17,39,37
22,27,23,44,38,18,36,48
28,22,14,33,21,48,47,10
30,40,42,15,20,31,42,46
34,49,33,44,23,15,11,45