4 2 50
number of machines at each stage in each factory:
1,1
4,3
4,1
3,2
speed of each machine:
1.1
1.3
1.4,1.2,1.4,1.0
1.0,1.2,1.0
1.1,1.1,1.1,1.2
1.1
1.4,1.3,1.1
1.3,1.4
power consumption of each machine:
5
8
5,6,10,6
10,6,7
8,9,10,7
7
10,8,10
5,5
standom processing time of each job at each stage:
27,25
40,23
36,49
30,32
46,37
10,50
38,46
21,19
17,28
11,25
37,42
49,50
19,24
40,41
42,26
31,44
31,29
38,43
18,32
34,21
11,15
17,26
38,25
27,47
41,44
26,46
32,29
41,27
18,47
19,31
46,49
50,49
29,36
46,50
48,29
18,24
37,13
25,12
32,15
15,28
47,39
22,38
16,15
26,15
36,29
49,47
35,46
25,31
28,32
39,24