4 5 20
number of machines at each stage in each factory:
4,5,2,2,3
1,4,1,1,5
2,4,3,4,5
2,3,4,3,1
speed of each machine:
1.2,1.2,1.4,1.0
1.1,1.3,1.2,1.1,1.2
1.3,1.5
1.2,1.1
1.1,1.1,1.3
1.3
1.1,1.3,1.1,1.1
1.2
1.2
1.2,1.3,1.3,1.2,1.0
1.0,1.1
1.4,1.5,1.4,1.2
1.4,1.0,1.1
1.5,1.2,1.2,1.4
1.3,1.3,1.3,1.1,1.2
1.3,1.2
1.1,1.5,1.2
1.5,1.1,1.5,1.2
1.5,1.3,1.4
1.2
power consumption of each machine:
7,10,7,10
8,6,7,9,7
6,7
8,6
9,5,7
6
7,9,10,6
5
10
6,9,10,10,6
6,9
8,9,8,8
9,7,7
5,8,6,5
9,7,9,7,10
6,10
9,7,10
7,10,9,7
6,9,7
7
standom processing time of each job at each stage:
14,39,12,40,19
39,45,44,46,42
34,46,45,27,19
34,11,47,16,20
21,12,36,43,48
44,27,22,10,32
28,16,46,31,14
23,50,13,42,43
29,15,45,12,31
37,50,13,15,50
19,46,24,17,11
38,23,38,20,17
29,50,50,44,48
15,20,49,32,32
19,37,50,12,36
40,12,21,17,11
34,25,33,46,33
19,49,44,43,16
44,39,23,16,49
15,38,46,30,27