4 8 20
number of machines at each stage in each factory:
2,2,3,4,3,3,5,4
4,5,3,4,4,2,1,3
2,4,5,3,4,5,5,2
2,4,2,1,4,2,3,2
speed of each machine:
1.4,1.4
1.4,1.3
1.1,1.5,1.2
1.0,1.1,1.4,1.2
1.0,1.0,1.0
1.4,1.5,1.2
1.3,1.4,1.2,1.2,1.4
1.1,1.3,1.2,1.1
1.4,1.0,1.2,1.0
1.0,1.0,1.4,1.3,1.3
1.2,1.1,1.1
1.4,1.4,1.5,1.1
1.1,1.3,1.2,1.0
1.1,1.3
1.3
1.0,1.1,1.4
1.0,1.2
1.3,1.4,1.3,1.1
1.2,1.1,1.1,1.4,1.1
1.0,1.1,1.2
1.5,1.2,1.2,1.0
1.2,1.3,1.2,1.3,1.2
1.2,1.1,1.3,1.2,1.4
1.1,1.2
1.5,1.1
1.3,1.4,1.3,1.2
1.2,1.2
1.2
1.1,1.4,1.2,1.4
1.1,1.1
1.4,1.3,1.4
1.1,1.3
power consumption of each machine:
5,10
8,10
9,9,7
10,6,7,6
10,8,9
8,8,9
10,7,10,6,6
5,7,7,8
9,6,7,5
5,9,8,5,10
9,9,6
6,7,6,8
8,5,8,8
5,8
6
9,8,9
8,5
6,7,5,6
10,5,10,7,9
5,7,6
8,5,7,9
8,8,6,6,8
8,10,6,5,7
5,9
7,7
7,6,9,6
8,8
5
10,6,7,8
9,10
5,6,8
5,5
standom processing time of each job at each stage:
11,32,46,42,28,33,22,21
22,15,15,18,25,26,45,31
46,41,17,41,42,34,47,38
35,21,11,35,21,34,41,30
49,18,43,21,47,13,37,42
40,11,48,42,11,36,39,50
21,10,34,37,32,22,37,48
42,14,46,10,34,22,16,17
29,32,27,26,36,33,16,22
48,16,46,33,10,38,49,32
47,26,20,23,35,25,35,29
33,37,35,28,38,32,22,32
45,50,24,23,20,41,42,31
18,30,17,36,30,34,49,46
21,15,46,14,25,46,21,19
35,15,49,50,14,25,38,28
37,17,21,38,15,44,29,44
32,20,33,50,30,20,19,36
49,32,10,50,39,39,27,19
37,44,43,11,48,29,10,31