4 2 50
number of machines at each stage in each factory:
5,1
4,2
5,4
1,3
speed of each machine:
1.1,1.2,1.2,1.2,1.2
1.4
1.5,1.3,1.5,1.3
1.3,1.4
1.0,1.0,1.2,1.1,1.5
1.5,1.3,1.3,1.4
1.3
1.1,1.4,1.5
power consumption of each machine:
7,5,9,7,10
7
7,7,6,8
6,5
7,5,5,8,10
8,5,7,9
5
7,10,5
standom processing time of each job at each stage:
31,29
33,40
22,25
21,32
12,48
22,31
31,28
20,32
39,45
11,16
43,34
34,48
50,27
17,10
43,45
32,44
26,33
46,44
50,28
30,20
18,43
32,46
29,31
35,12
17,19
13,14
28,45
20,13
43,39
44,20
24,21
16,25
39,43
39,44
35,16
25,38
31,43
45,32
20,23
31,12
36,35
31,40
38,28
19,50
39,50
10,22
20,19
12,33
46,28
25,17