4 5 20
number of machines at each stage in each factory:
5,2,4,4,5
2,1,2,3,3
1,5,1,5,1
4,3,4,5,5
speed of each machine:
1.2,1.5,1.1,1.4,1.1
1.4,1.1
1.2,1.2,1.1,1.1
1.3,1.5,1.2,1.1
1.5,1.1,1.1,1.0,1.3
1.2,1.1
1.5
1.3,1.3
1.2,1.4,1.3
1.5,1.1,1.3
1.1
1.3,1.0,1.0,1.4,1.2
1.3
1.1,1.3,1.4,1.2,1.1
1.4
1.1,1.2,1.2,1.1
1.2,1.4,1.4
1.2,1.2,1.5,1.4
1.4,1.3,1.1,1.2,1.5
1.1,1.4,1.2,1.3,1.1
power consumption of each machine:
10,5,10,6,10
5,9
7,5,7,5
6,6,10,10
6,5,5,6,6
6,10
10
8,9
6,9,8
6,5,7
5
5,8,10,10,5
6
9,10,9,8,10
6
9,7,7,5
8,6,10
6,7,5,6
8,9,10,8,6
10,9,8,9,5
standom processing time of each job at each stage:
36,42,43,18,40
43,25,32,44,22
14,30,28,31,32
28,15,49,15,15
16,41,39,26,14
48,23,12,22,34
37,26,15,50,39
19,49,24,16,12
47,32,19,45,25
30,42,45,31,16
30,10,30,43,31
12,21,21,46,18
17,17,31,29,49
32,45,27,43,18
25,20,28,37,27
36,49,10,18,23
34,22,44,13,42
36,27,21,11,47
47,19,37,29,30
12,18,30,20,42