5 5 50
number of machines at each stage in each factory:
3,2,4,5,3
3,1,2,2,4
2,3,2,5,5
2,1,3,5,5
4,3,3,2,3
speed of each machine:
1.4,1.4,1.0
1.4,1.4
1.2,1.1,1.4,1.5
1.3,1.3,1.4,1.5,1.2
1.1,1.2,1.4
1.5,1.2,1.2
1.2
1.2,1.2
1.4,1.3
1.1,1.3,1.2,1.2
1.4,1.3
1.1,1.5,1.2
1.1,1.3
1.0,1.3,1.2,1.3,1.4
1.3,1.3,1.1,1.4,1.1
1.2,1.0
1.3
1.3,1.1,1.4
1.3,1.0,1.3,1.3,1.5
1.4,1.4,1.2,1.0,1.4
1.0,1.3,1.3,1.1
1.3,1.2,1.2
1.1,1.0,1.1
1.0,1.4
1.1,1.4,1.2
power consumption of each machine:
7,10,5
7,5
9,7,5,7
9,7,8,8,6
9,5,10
6,6,7
10
7,7
7,5
9,9,10,5
6,10
9,9,7
10,5
7,7,5,6,10
7,8,7,8,9
7,6
10
8,9,6
7,6,7,8,8
7,10,6,5,10
9,9,8,9
9,6,5
8,8,10
9,10
8,8,7
standom processing time of each job at each stage:
47,27,33,45,49
29,28,17,36,37
30,36,26,14,10
20,46,29,19,36
46,49,20,24,47
33,44,43,27,24
32,49,16,30,11
41,36,48,33,14
21,26,48,44,45
27,37,12,42,49
35,48,45,36,36
28,16,18,14,18
40,11,26,11,19
31,39,44,15,21
18,32,36,39,23
19,20,11,30,31
21,11,13,24,37
42,43,37,12,18
21,42,26,28,15
19,36,38,15,31
25,19,45,21,26
42,31,36,36,41
12,40,34,43,15
38,40,15,36,11
28,31,10,40,17
35,26,35,13,19
45,13,38,22,11
36,33,10,37,28
49,28,22,16,28
19,50,21,29,17
50,35,39,38,43
24,48,13,31,43
19,45,32,29,14
14,40,31,16,19
27,46,46,35,40
44,28,26,16,23
41,44,10,42,46
19,15,39,41,13
12,37,29,17,39
37,22,27,23,44
38,18,36,48,28
22,14,33,21,48
47,10,30,40,42
15,20,31,42,46
34,49,33,44,23
15,11,45,13,15
45,28,13,32,28
38,10,20,30,31
46,13,11,15,46
17,36,20,25,19