5 5 100
number of machines at each stage in each factory:
1,1,4,3,4
1,3,2,4,3
5,5,5,4,5
3,4,4,3,2
3,5,4,1,5
speed of each machine:
1.1
1.3
1.2,1.2,1.3,1.4
1.3,1.5,1.1
1.3,1.1,1.5,1.2
1.4
1.4,1.5,1.4
1.4,1.2
1.4,1.4,1.2,1.5
1.2,1.4,1.5
1.4,1.3,1.3,1.2,1.5
1.0,1.4,1.2,1.1,1.2
1.4,1.2,1.3,1.4,1.5
1.4,1.2,1.3,1.2
1.5,1.3,1.5,1.4,1.1
1.4,1.3,1.4
1.3,1.2,1.2,1.3
1.2,1.1,1.4,1.4
1.4,1.5,1.5
1.4,1.4
1.2,1.1,1.5
1.1,1.0,1.0,1.1,1.3
1.4,1.4,1.3,1.1
1.4
1.1,1.1,1.4,1.4,1.0
power consumption of each machine:
10
6
10,9,9,7
5,10,8
6,10,6,9
5
7,9,8
6,8
10,6,7,9
8,7,7
6,7,8,6,5
10,9,8,10,7
7,5,8,6,7
8,7,8,9
9,9,10,7,6
8,6,6
8,5,5,5
5,10,8,10
8,6,9
6,10
8,10,7
10,7,9,9,7
8,7,9,7
8
8,10,5,9,10
standom processing time of each job at each stage:
20,21,40,27,28
11,32,44,24,45
32,39,29,10,40
46,44,21,31,31
37,29,19,27,50
25,20,14,48,23
40,28,16,33,31
36,26,27,47,16
39,44,32,10,32
36,10,14,33,38
26,19,26,17,50
10,34,21,26,48
33,34,35,12,17
47,19,20,29,22
41,14,10,41,48
36,20,24,50,24
15,26,37,15,42
19,18,24,22,37
39,19,50,22,43
27,12,44,32,40
21,34,25,29,37
35,46,18,46,42
42,37,14,22,33
15,35,40,36,32
42,37,48,34,36
38,41,42,49,15
17,41,16,19,29
26,30,19,37,26
20,41,22,19,30
49,32,15,19,31
38,28,42,19,50
12,11,48,27,35
45,35,44,12,18
12,28,32,48,15
42,31,25,20,13
20,33,32,41,47
17,42,25,27,21
43,37,16,27,41
16,15,22,15,40
34,19,43,43,47
35,15,22,39,10
13,15,17,48,43
12,10,39,23,24
22,43,18,40,11
50,32,16,46,23
12,12,13,40,20
33,29,26,24,44
38,27,15,28,12
42,21,15,43,18
18,26,39,38,46
32,31,45,16,24
21,26,22,34,46
38,36,22,50,41
34,34,16,31,50
25,30,43,43,22
28,17,32,50,36
19,48,49,49,13
21,39,39,37,20
34,46,35,36,30
42,14,28,36,43
10,26,50,43,22
13,26,12,18,35
42,28,49,50,12
38,44,34,45,10
36,11,17,34,26
49,36,37,21,44
45,23,38,28,29
29,20,31,17,22
36,22,33,35,16
45,14,37,18,13
16,31,11,23,50
44,39,20,38,16
21,32,38,20,40
22,44,26,35,47
26,31,25,45,12
31,32,25,28,42
20,36,32,36,32
33,45,18,28,18
38,38,37,24,29
18,34,12,41,39
38,36,22,18,20
19,39,15,31,22
23,29,20,47,20
29,49,23,17,10
42,23,34,26,33
42,11,16,15,49
15,12,19,45,27
38,29,40,43,24
13,29,21,23,15
30,21,12,20,44
22,15,40,20,15
34,44,21,10,21
37,27,20,46,37
16,18,16,29,49
29,35,26,44,41
10,27,11,32,43
31,49,43,43,35
48,37,12,23,19
12,17,11,50,44
37,40,28,38,28