5 8 20
number of machines at each stage in each factory:
5,1,4,2,5,4,1,3
2,1,4,2,5,1,5,4
1,3,1,3,5,1,5,3
1,2,1,4,4,4,2,1
1,2,1,4,3,2,5,3
speed of each machine:
1.3,1.4,1.5,1.1,1.1
1.4
1.3,1.2,1.2,1.2
1.1,1.3
1.3,1.3,1.2,1.0,1.0
1.1,1.4,1.1,1.1
1.2
1.0,1.2,1.1
1.2,1.2
1.4
1.4,1.3,1.2,1.5
1.1,1.3
1.3,1.1,1.1,1.2,1.3
1.0
1.1,1.1,1.5,1.3,1.1
1.1,1.4,1.3,1.1
1.2
1.5,1.1,1.3
1.0
1.4,1.3,1.5
1.2,1.2,1.4,1.4,1.4
1.4
1.2,1.4,1.1,1.4,1.3
1.2,1.1,1.4
1.3
1.1,1.3
1.5
1.2,1.4,1.2,1.3
1.3,1.3,1.2,1.1
1.4,1.3,1.4,1.3
1.3,1.0
1.2
1.3
1.1,1.3
1.4
1.4,1.1,1.2,1.1
1.5,1.1,1.2
1.0,1.2
1.2,1.2,1.1,1.1,1.4
1.1,1.2,1.1
power consumption of each machine:
9,9,10,6,5
8
10,8,6,8
7,8
9,5,7,8,9
6,9,9,7
7
6,6,6
6,9
9
6,9,9,10
9,6
8,5,9,8,9
8
6,7,9,5,8
9,8,6,10
8
10,8,6
8
10,10,9
8,10,5,6,10
6
8,10,8,6,7
6,5,6
9
5,5
8
9,9,7,6
7,9,8,7
7,9,8,8
6,10
8
9
6,7
7
6,8,10,7
10,6,9
8,5
5,9,9,6,9
7,8,9
standom processing time of each job at each stage:
16,13,20,16,13,25,41,26
21,36,38,44,22,37,25,23
16,19,22,17,25,13,25,22
10,42,47,48,12,29,41,22
44,44,40,43,31,43,32,39
16,27,23,46,11,28,22,43
49,16,20,20,22,10,31,34
46,37,16,33,43,27,11,33
28,47,22,36,19,20,32,15
43,45,13,10,18,32,47,33
24,12,50,41,12,14,15,17
40,46,42,17,28,26,42,31
29,17,36,39,19,33,30,23
33,34,48,11,19,16,18,43
33,30,32,45,12,17,27,26
46,45,14,48,28,16,30,45
10,20,21,33,20,37,49,31
37,28,46,16,41,38,29,45
35,17,28,18,39,39,26,31
24,12,44,25,22,38,14,32