5 2 50
number of machines at each stage in each factory:
5,5
2,4
4,3
5,2
4,3
speed of each machine:
1.1,1.1,1.2,1.0,1.1
1.5,1.5,1.1,1.0,1.5
1.3,1.3
1.2,1.1,1.2,1.4
1.3,1.3,1.4,1.2
1.2,1.0,1.3
1.2,1.5,1.3,1.1,1.1
1.3,1.1
1.0,1.5,1.2,1.4
1.2,1.5,1.4
power consumption of each machine:
5,9,8,7,5
9,7,5,6,8
7,9
9,5,10,8
8,8,8,9
6,8,6
7,8,5,6,10
5,5
5,6,6,8
9,9,7
standom processing time of each job at each stage:
42,18
31,50
24,24
49,42
47,29
34,26
44,22
14,40
32,19
50,21
30,20
25,30
45,16
21,35
17,40
45,47
15,22
44,14
19,22
49,12
28,32
46,30
27,11
20,36
43,31
49,22
14,15
30,17
46,38
38,23
19,14
47,22
45,38
29,35
44,18
49,46
41,47
37,45
39,23
25,33
19,23
29,11
47,41
32,33
10,34
22,15
38,39
17,21
26,19
15,27