5 5 20
number of machines at each stage in each factory:
3,2,1,1,3
2,3,5,2,1
5,3,5,3,5
4,1,2,1,3
1,2,3,3,1
speed of each machine:
1.4,1.1,1.0
1.4,1.2
1.1
1.2
1.1,1.2,1.3
1.3,1.3
1.1,1.2,1.1
1.4,1.2,1.5,1.2,1.2
1.3,1.4
1.3
1.3,1.0,1.3,1.1,1.3
1.2,1.4,1.0
1.3,1.3,1.4,1.2,1.4
1.3,1.5,1.3
1.4,1.2,1.1,1.2,1.2
1.3,1.2,1.1,1.2
1.5
1.3,1.4
1.1
1.1,1.5,1.2
1.5
1.0,1.3
1.1,1.5,1.4
1.3,1.1,1.2
1.5
power consumption of each machine:
9,9,7
8,9
8
9
8,6,10
10,5
9,5,10
5,7,6,6,5
8,5
6
10,6,10,8,9
9,8,6
5,6,6,8,6
8,7,7
5,8,6,6,7
6,5,5,10
5
5,10
5
10,9,7
6
7,5
6,5,8
5,7,5
5
standom processing time of each job at each stage:
47,22,23,29,15
33,45,32,13,16
20,20,46,44,18
47,17,48,22,12
18,44,48,30,37
42,39,49,35,41
26,38,29,23,26
10,37,43,23,37
33,34,28,22,34
29,32,39,46,37
34,24,26,23,20
50,30,43,31,31
45,25,22,13,11
47,43,33,30,40
38,33,47,23,11
34,32,39,26,47
50,10,31,38,19
19,14,48,31,36
46,50,29,33,46
42,10,49,33,24