5 2 100
number of machines at each stage in each factory:
4,5
1,2
4,1
1,2
5,5
speed of each machine:
1.2,1.3,1.2,1.3
1.4,1.0,1.3,1.2,1.3
1.1
1.3,1.4
1.1,1.4,1.0,1.2
1.3
1.0
1.4,1.1
1.1,1.1,1.0,1.3,1.1
1.1,1.2,1.0,1.3,1.1
power consumption of each machine:
7,5,5,6
10,8,5,5,10
10
8,10
8,9,8,9
10
7
6,6
9,5,9,6,9
6,5,7,8,6
standom processing time of each job at each stage:
12,38
49,44
20,42
28,32
16,12
17,49
25,15
27,30
32,47
23,43
30,20
42,35
31,49
42,29
35,24
23,30
16,23
25,34
19,12
17,15
46,47
31,50
23,37
23,50
24,33
26,38
13,12
24,10
39,21
45,39
43,12
30,29
42,38
28,41
38,40
20,18
45,42
18,30
23,25
10,29
34,30
25,40
37,24
29,36
32,17
45,44
46,46
42,29
13,34
29,47
40,48
49,15
25,33
42,20
12,34
44,40
27,14
10,24
27,49
45,27
38,32
48,20
23,16
35,48
10,32
26,29
19,38
20,14
33,24
31,13
34,26
25,17
24,23
25,35
30,31
39,47
32,37
22,22
36,22
17,33
49,22
48,37
15,44
43,36
15,19
35,37
11,28
40,42
36,30
40,49
10,32
44,13
16,22
49,48
29,16
23,46
33,32
12,38
41,19
34,39