5 5 100
number of machines at each stage in each factory:
3,2,1,1,3
2,3,5,2,1
5,3,5,3,5
4,1,2,1,3
1,2,3,3,1
speed of each machine:
1.4,1.1,1.0
1.4,1.2
1.1
1.2
1.1,1.2,1.3
1.3,1.3
1.1,1.2,1.1
1.4,1.2,1.5,1.2,1.2
1.3,1.4
1.3
1.3,1.0,1.3,1.1,1.3
1.2,1.4,1.0
1.3,1.3,1.4,1.2,1.4
1.3,1.5,1.3
1.4,1.2,1.1,1.2,1.2
1.3,1.2,1.1,1.2
1.5
1.3,1.4
1.1
1.1,1.5,1.2
1.5
1.0,1.3
1.1,1.5,1.4
1.3,1.1,1.2
1.5
power consumption of each machine:
9,9,7
8,9
8
9
8,6,10
10,5
9,5,10
5,7,6,6,5
8,5
6
10,6,10,8,9
9,8,6
5,6,6,8,6
8,7,7
5,8,6,6,7
6,5,5,10
5
5,10
5
10,9,7
6
7,5
6,5,8
5,7,5
5
standom processing time of each job at each stage:
47,22,23,29,15
33,45,32,13,16
20,20,46,44,18
47,17,48,22,12
18,44,48,30,37
42,39,49,35,41
26,38,29,23,26
10,37,43,23,37
33,34,28,22,34
29,32,39,46,37
34,24,26,23,20
50,30,43,31,31
45,25,22,13,11
47,43,33,30,40
38,33,47,23,11
34,32,39,26,47
50,10,31,38,19
19,14,48,31,36
46,50,29,33,46
42,10,49,33,24
26,38,36,24,10
42,37,31,33,16
49,48,19,47,44
24,24,34,14,49
15,31,29,28,23
44,46,19,23,10
41,11,22,29,28
43,50,14,14,16
28,25,50,34,24
11,40,32,12,26
24,17,33,25,42
33,22,35,27,19
21,45,10,29,26
23,38,12,47,23
24,22,11,25,19
18,33,46,34,44
33,39,23,15,49
31,16,20,17,13
42,20,20,26,42
14,13,13,34,14
18,30,15,14,20
47,27,40,15,38
15,21,32,29,17
39,32,23,35,48
40,28,24,43,21
13,17,24,22,17
27,32,26,25,10
20,41,49,30,41
49,39,17,10,18
30,49,26,41,48
36,34,49,13,47
28,24,18,16,37
17,13,17,34,21
36,10,26,42,13
25,49,26,41,49
10,41,31,26,31
16,15,25,28,11
10,40,45,26,41
12,34,32,37,28
39,15,40,18,21
31,49,32,14,43
17,14,47,19,17
45,40,47,38,29
49,16,18,42,24
50,31,20,36,11
34,17,41,42,29
26,19,39,38,48
32,36,25,16,28
18,38,17,50,19
41,26,13,18,36
17,28,33,47,12
11,31,25,40,42
21,24,17,38,35
31,42,28,32,21
43,18,50,27,27
12,17,27,44,14
47,14,21,15,43
22,11,46,18,23
24,40,23,43,24
19,30,46,49,30
38,19,44,16,17
14,46,18,50,20
38,16,21,24,31
39,39,10,15,21
24,23,33,28,44
24,29,27,30,20
17,33,44,15,35
40,23,20,32,26
25,11,23,48,48
32,31,32,43,25
31,30,29,19,46
23,42,36,15,16
11,19,47,39,28
38,44,41,37,15
25,46,12,17,45
21,24,13,37,41
28,45,20,13,19
23,20,49,50,49
13,10,40,17,26
20,44,21,42,45