5 8 50
number of machines at each stage in each factory:
4,1,2,1,5,4,1,1
5,2,1,4,5,4,2,5
3,2,2,3,2,2,2,3
1,3,1,1,5,5,2,4
4,3,5,2,4,4,3,2
speed of each machine:
1.4,1.3,1.3,1.2
1.4
1.1,1.3
1.1
1.5,1.2,1.2,1.0,1.1
1.1,1.5,1.2,1.2
1.1
1.3
1.3,1.1,1.1,1.2,1.5
1.1,1.4
1.5
1.0,1.1,1.2,1.1
1.3,1.4,1.2,1.5,1.3
1.2,1.0,1.1,1.4
1.4,1.5
1.3,1.4,1.4,1.1,1.4
1.1,1.4,1.5
1.1,1.3
1.3,1.2
1.4,1.3,1.1
1.3,1.1
1.1,1.2
1.4,1.4
1.4,1.0,1.1
1.5
1.4,1.3,1.4
1.4
1.2
1.4,1.4,1.4,1.5,1.4
1.4,1.0,1.0,1.1,1.1
1.1,1.2
1.4,1.2,1.4,1.0
1.3,1.2,1.2,1.1
1.3,1.3,1.2
1.3,1.2,1.2,1.4,1.2
1.2,1.1
1.3,1.4,1.3,1.4
1.0,1.5,1.3,1.4
1.4,1.4,1.2
1.1,1.0
power consumption of each machine:
8,7,6,10
5
5,5
10
10,10,7,7,10
9,10,6,7
5
10
6,7,5,5,7
6,5
10
10,10,9,6
7,5,8,10,10
7,9,8,8
8,6
6,10,10,7,9
7,7,7
10,8
5,6
5,6,6
6,9
9,10
9,10
10,7,7
7
7,6,10
5
10
10,5,5,8,10
9,9,5,8,6
6,6
9,10,6,8
10,7,7,6
7,7,7
10,8,5,9,7
10,8
5,6,5,5
9,6,9,6
7,10,8
8,7
standom processing time of each job at each stage:
12,10,41,32,20,47,10,22
35,49,43,34,17,14,27,15
15,27,30,32,11,20,16,47
43,49,10,40,33,17,14,35
27,27,19,11,32,43,37,50
28,39,12,20,36,34,19,21
26,12,19,39,11,23,31,35
36,24,14,41,26,16,38,26
13,22,16,15,30,16,31,48
40,23,38,25,47,29,45,28
32,32,25,43,39,24,28,28
22,50,46,17,34,24,45,20
40,34,38,22,44,39,35,42
37,45,35,30,40,48,19,22
15,10,43,19,25,28,26,13
31,13,12,38,29,46,14,43
37,18,42,36,35,20,26,32
14,13,46,31,26,11,42,37
18,41,19,41,32,13,50,47
16,39,40,36,39,47,26,17
22,16,45,19,18,50,32,43
50,17,35,46,42,46,32,18
26,21,33,15,10,29,28,45
24,28,25,39,40,24,42,37
23,37,46,16,10,37,34,30
13,33,31,27,47,49,24,46
10,37,35,44,17,18,14,17
17,14,48,50,47,29,35,28
39,29,49,39,28,46,10,50
45,22,35,27,41,45,17,20
17,26,11,44,30,16,26,49
13,47,46,40,39,24,47,50
12,13,38,13,48,15,46,15
33,50,37,34,37,40,47,43
48,42,26,48,16,36,23,36
17,28,40,14,22,34,34,30
46,30,45,47,13,21,11,22
15,28,41,46,27,40,35,41
39,47,42,11,16,15,17,41
19,16,27,22,21,24,41,31
18,44,18,49,20,17,40,38
21,45,20,30,16,10,41,17
22,18,33,10,43,28,50,25
26,22,36,33,30,12,18,31
16,34,18,23,11,26,30,20
39,20,39,24,23,40,46,36
25,13,32,35,19,41,34,48
36,27,22,18,30,27,50,30
47,14,28,40,42,32,47,34
14,37,32,35,15,13,18,42