5 5 20
number of machines at each stage in each factory:
5,2,4,4,5
2,1,2,3,3
1,5,1,5,1
4,3,4,5,5
1,1,1,4,1
speed of each machine:
1.4,1.1,1.4,1.5,1.2
1.2,1.2
1.3,1.5,1.2,1.1
1.5,1.1,1.1,1.0
1.2,1.1,1.5,1.2,1.2
1.5,1.4
1.3
1.2,1.4
1.5,1.1,1.3
1.1,1.2,1.3
1.3
1.3,1.3,1.2,1.4,1.5
1.1
1.4,1.2,1.1,1.4,1.1
1.1
1.2,1.4,1.4,1.3
1.2,1.2,1.5
1.4,1.3,1.1,1.2
1.1,1.4,1.2,1.3,1.1
1.4,1.3,1.2,1.4,1.3
1.2
1.3
1.5
1.3,1.1,1.2,1.5
1.4
power consumption of each machine:
6,5,7,9,5
5,9
5,8,10,10
6,8,7,5
9,10,9,8,10
6,10
9
8,6
6,7,5
8,9,10
10
6,7,7,5,9
8
5,10,7,9,9
9
5,10,7,6
10,10,10
7,9,10,7
5,10,8,8,5
9,10,5,10,6
9
8
9
7,8,8,9
10
standom processing time of each job at each stage:
29,49,32,45,27
43,18,25,20,28
37,27,36,49,10
18,23,34,22,44
13,42,36,27,21
11,47,47,19,37
29,30,12,18,30
20,42,12,32,13
38,25,48,19,46
50,22,44,46,32
15,25,13,47,32
24,46,29,47,33
15,34,21,36,44
26,29,44,20,14
13,14,50,17,12
49,20,18,39,14
10,33,30,39,41
32,40,10,44,30
25,30,27,20,10
10,44,45,38,45