5 5 20
number of machines at each stage in each factory:
3,2,4,5,3
3,1,2,2,4
2,3,2,5,5
2,1,3,5,5
4,3,3,2,3
speed of each machine:
1.4,1.4,1.0
1.4,1.4
1.2,1.1,1.4,1.5
1.3,1.3,1.4,1.5,1.2
1.1,1.2,1.4
1.5,1.2,1.2
1.2
1.2,1.2
1.4,1.3
1.1,1.3,1.2,1.2
1.4,1.3
1.1,1.5,1.2
1.1,1.3
1.0,1.3,1.2,1.3,1.4
1.3,1.3,1.1,1.4,1.1
1.2,1.0
1.3
1.3,1.1,1.4
1.3,1.0,1.3,1.3,1.5
1.4,1.4,1.2,1.0,1.4
1.0,1.3,1.3,1.1
1.3,1.2,1.2
1.1,1.0,1.1
1.0,1.4
1.1,1.4,1.2
power consumption of each machine:
7,10,5
7,5
9,7,5,7
9,7,8,8,6
9,5,10
6,6,7
10
7,7
7,5
9,9,10,5
6,10
9,9,7
10,5
7,7,5,6,10
7,8,7,8,9
7,6
10
8,9,6
7,6,7,8,8
7,10,6,5,10
9,9,8,9
9,6,5
8,8,10
9,10
8,8,7
standom processing time of each job at each stage:
47,27,33,45,49
29,28,17,36,37
30,36,26,14,10
20,46,29,19,36
46,49,20,24,47
33,44,43,27,24
32,49,16,30,11
41,36,48,33,14
21,26,48,44,45
27,37,12,42,49
35,48,45,36,36
28,16,18,14,18
40,11,26,11,19
31,39,44,15,21
18,32,36,39,23
19,20,11,30,31
21,11,13,24,37
42,43,37,12,18
21,42,26,28,15
19,36,38,15,31