5 8 20
number of machines at each stage in each factory:
3,2,1,1,3,2,3,5
2,1,5,3,5,3,5,4
1,2,1,3,1,2,3,3
1,1,4,3,2,1,5,4
3,4,3,2,3,2,1,2
speed of each machine:
1.0,1.1,1.1
1.1,1.2
1.3
1.1
1.1,1.0,1.3
1.4,1.3
1.4,1.4,1.3
1.0,1.0,1.1,1.4,1.1
1.0,1.5
1.2
1.5,1.1,1.4,1.4,1.3
1.3,1.5,1.1
1.1,1.1,1.5,1.2,1.4
1.3,1.2,1.1
1.1,1.0,1.4,1.5,1.3
1.4,1.2,1.0,1.2
1.2
1.0,1.1
1.0
1.5,1.0,1.4
1.1
1.5,1.2
1.2,1.4,1.4
1.3,1.4,1.2
1.1
1.2
1.2,1.4,1.3,1.1
1.4,1.3,1.2
1.5,1.0
1.0
1.2,1.4,1.0,1.2,1.2
1.2,1.2,1.5,1.4
1.3,1.1,1.2
1.2,1.5,1.0,1.1
1.2,1.2,1.4
1.3,1.4
1.1,1.1,1.1
1.1,1.1
1.1
1.1,1.3
power consumption of each machine:
10,9,10
9,7
10
7
5,7,10
7,5
5,9,8
10,6,5,7,9
8,10
6
9,5,8,10,9
6,8,6
10,7,5,9,6
10,8,10
7,9,10,6,8
8,6,8,10
9
10,6
5
5,10,10
6
7,9
8,9,5
9,10,9
5
10
10,9,5,9
10,8,7
9,6
9
10,6,6,9,8
7,7,10,6
9,9,6
5,5,10,6
10,7,9
6,5
6,6,10
8,8
8
10,10
standom processing time of each job at each stage:
18,33,46,34,44,33,39,23
15,49,31,16,20,17,13,42
20,20,26,42,14,13,13,34
14,18,30,15,14,20,47,27
40,15,38,15,21,32,29,17
39,32,23,35,48,40,28,24
43,21,13,17,24,22,17,27
32,26,25,10,20,41,49,30
41,49,39,17,10,18,30,49
26,41,48,36,34,49,13,47
28,24,18,16,37,17,13,17
34,21,36,10,26,42,13,25
49,26,41,49,10,41,31,26
31,16,15,25,28,11,10,40
45,26,41,12,34,32,37,28
39,15,40,18,21,31,49,32
14,43,17,14,47,19,17,45
40,47,38,29,49,16,18,42
24,50,31,20,36,11,34,17
41,42,29,26,19,39,38,48