5 5 50
number of machines at each stage in each factory:
3,1,2,4,1
1,1,4,3,4
2,2,3,1,5
5,1,3,2,3
3,3,5,2,4
speed of each machine:
1.5,1.2,1.3
1.1
1.4,1.4
1.4,1.2,1.2,1.2
1.4
1.3
1.4
1.4,1.3,1.2,1.2
1.2,1.4,1.2
1.3,1.4,1.3,1.1
1.4,1.2
1.3,1.5
1.1,1.5,1.3
1.0
1.2,1.4,1.3,1.4,1.4
1.2,1.4,1.4,1.4,1.1
1.4
1.5,1.4,1.1
1.1,1.1
1.3,1.2,1.3
1.5,1.1,1.1
1.4,1.4,1.1
1.3,1.2,1.1,1.4,1.1
1.4,1.5
1.4,1.2,1.3,1.4
power consumption of each machine:
10,10,5
6
10,7
6,10,9,9
6
5
5
5,9,7,8
7,5,7
7,8,7,8
10,9
7,7
10,10,5
5
9,10,7,10,9
5,8,10,10,9
7
6,8,10
5,8
7,10,9
10,8,5
5,9,7
8,7,10,10,7
9,6
8,6,7,7
standom processing time of each job at each stage:
11,30,28,22,14
13,44,14,31,18
29,11,28,48,15
37,21,13,20,35
29,31,49,44,16
40,36,41,43,10
46,24,47,48,46
35,33,42,30,28
20,35,41,37,22
50,21,34,36,34
36,14,38,10,30
20,15,38,19,30
48,29,42,29,43
14,21,41,31,18
35,45,42,22,11
30,50,21,30,45
39,42,34,17,30
45,13,32,33,19
43,25,23,38,28
38,17,15,12,40
12,11,29,30,38
36,50,24,26,40
32,34,45,41,33
43,28,34,41,42
14,50,18,21,42
22,46,36,12,16
28,40,10,43,31
15,35,15,39,35
32,28,43,43,34
23,31,34,17,43
30,39,16,29,39
23,32,25,50,25
42,43,39,30,30
17,50,21,42,40
23,16,22,10,45
18,26,29,34,22
43,50,31,28,16
19,21,11,38,30
42,25,18,29,43
39,39,40,12,43
15,37,50,13,37
46,48,40,12,48
14,30,43,17,22
43,40,10,13,35
32,10,19,16,10
12,42,27,24,30
30,35,38,23,14
43,11,31,31,22
39,48,33,49,36
12,45,38,23,10