5 8 100
number of machines at each stage in each factory:
5,5,4,5,5,5,5,1
5,1,5,4,5,4,5,2
4,2,4,1,1,1,1,3
5,3,4,2,4,2,5,5
4,2,1,4,3,5,1,1
speed of each machine:
1.1,1.4,1.3,1.5,1.3
1.4,1.2,1.1,1.2,1.1
1.0,1.4,1.3,1.1
1.2,1.3,1.2,1.2,1.2
1.2,1.2,1.2,1.2,1.3
1.4,1.2,1.4,1.2,1.2
1.5,1.3,1.3,1.1,1.2
1.2
1.3,1.2,1.2,1.4,1.2
1.1
1.4,1.4,1.3,1.2,1.4
1.3,1.2,1.0,1.1
1.2,1.4,1.2,1.3,1.1
1.3,1.0,1.3,1.4
1.3,1.1,1.4,1.2,1.3
1.3,1.3
1.1,1.3,1.3,1.3
1.0,1.0
1.3,1.3,1.0,1.4
1.1
1.3
1.4
1.1
1.2,1.1,1.0
1.4,1.1,1.2,1.2,1.4
1.1,1.3,1.0
1.2,1.4,1.3,1.2
1.5,1.3
1.0,1.1,1.5,1.1
1.2,1.1
1.1,1.2,1.0,1.4,1.0
1.5,1.0,1.2,1.2,1.3
1.2,1.4,1.4,1.3
1.0,1.3
1.1
1.4,1.3,1.0,1.3
1.5,1.4,1.3
1.1,1.4,1.3,1.4,1.2
1.4
1.4
power consumption of each machine:
8,5,6,8,5
10,9,6,7,7
10,10,5,10
5,5,8,9,8
7,5,9,6,9
8,5,9,5,5
9,5,7,8,5
9
9,9,7,9,5
9
10,6,6,6,8
7,7,6,8
9,7,9,9,7
8,5,10,7
10,5,9,7,10
9,8
5,10,9,8
8,9
6,6,10,5
9
9
10
8
5,9,7
7,6,10,5,6
7,7,5
10,5,6,6
7,5
8,9,5,10
9,9
6,8,7,5,10
10,7,7,8,10
9,10,5,9
8,5
7
6,7,10,10
9,10,9
5,5,7,6,6
10
8
standom processing time of each job at each stage:
15,43,39,30,25,50,25,23
50,39,13,47,44,15,22,36
34,15,12,48,12,37,22,27
40,12,40,18,39,22,29,27
15,50,32,30,18,46,29,39
18,40,16,41,13,30,33,36
25,44,26,27,16,33,29,17
15,16,14,33,32,37,22,15
13,15,18,28,15,26,17,43
50,47,43,11,22,38,39,41
48,10,32,37,14,38,19,19
15,39,11,50,14,43,34,29
34,13,41,28,10,20,15,42
30,45,49,31,24,33,24,23
50,46,12,49,34,47,35,19
43,34,31,28,46,14,32,43
34,12,39,10,41,17,25,50
20,45,13,50,10,39,46,42
15,46,46,11,12,26,26,44
33,40,38,18,20,16,27,36
13,46,13,39,39,32,50,27
11,39,49,45,50,35,32,47
46,10,38,30,38,38,48,19
25,34,14,40,35,48,42,19
20,31,49,19,35,45,16,42
49,41,40,16,50,21,47,39
14,15,30,31,29,43,46,32
45,49,11,30,35,25,30,14
38,10,14,23,35,29,29,22
19,37,22,20,18,45,33,22
33,34,45,34,15,33,36,33
26,12,32,29,35,11,40,28
16,50,23,41,40,17,37,22
44,49,15,26,38,31,47,28
47,21,41,29,34,17,21,49
33,16,34,14,29,13,39,26
21,31,42,19,26,39,26,48
48,39,42,50,18,29,26,33
18,21,28,33,15,24,36,30
29,19,42,48,15,29,20,14
43,21,46,31,13,26,46,45
49,31,15,34,35,30,47,27
13,25,33,31,32,34,21,37
11,27,36,31,34,39,49,20
18,49,36,47,49,46,24,14
38,35,15,19,39,46,30,40
42,30,15,46,32,13,13,39
19,28,42,36,50,16,14,24
17,21,36,49,43,32,46,27
17,21,20,47,36,47,17,26
35,28,28,27,36,21,10,45
36,19,43,48,35,25,30,29
15,14,13,30,31,17,12,45
25,46,13,10,23,33,27,21
21,15,48,43,34,17,35,24
34,49,21,22,36,39,36,36
19,50,41,17,14,31,13,41
45,44,20,13,31,18,18,23
31,14,16,24,38,24,10,37
32,19,40,43,18,22,49,50
29,46,17,32,24,42,15,14
42,44,29,17,40,10,35,35
12,34,43,21,12,13,37,27
49,29,47,12,17,14,44,25
26,13,24,39,49,12,25,24
27,49,16,36,46,16,45,22
17,38,38,41,41,50,45,40
49,18,24,47,19,14,25,47
22,25,26,20,20,37,32,13
37,21,18,11,12,30,42,28
44,31,44,34,26,40,42,11
12,50,21,33,17,11,36,12
35,30,36,25,50,35,21,20
45,18,18,48,11,45,27,31
46,39,29,13,30,26,44,18
20,30,12,24,26,18,30,33
38,17,40,26,49,26,25,46
35,34,45,19,43,42,29,45
46,35,36,21,31,26,24,43
40,14,40,12,21,50,31,11
35,47,12,11,17,45,27,31
49,29,11,29,34,24,48,37
41,39,18,42,47,33,12,25
27,49,42,47,19,19,40,42
42,11,48,11,40,19,48,19
42,44,42,44,13,33,30,11
26,18,35,25,33,36,17,43
46,15,42,41,13,19,21,21
45,36,26,43,25,48,34,34
15,14,27,47,29,40,46,34
26,12,12,12,20,18,18,17
27,38,14,34,30,34,14,46
26,48,44,20,37,15,47,36
46,41,40,46,19,40,34,37
19,19,44,13,47,19,23,39
15,38,24,21,23,49,45,36
23,21,24,42,47,30,25,45
40,37,12,35,15,50,30,48
22,22,30,14,16,11,37,34
33,27,20,45,23,45,38,14