5 2 100
number of machines at each stage in each factory:
5,1
4,2
5,4
1,3
2,1
speed of each machine:
1.2,1.2,1.2,1.2,1.4
1.5
1.3,1.5,1.3,1.3
1.4,1.2
1.0,1.2,1.1,1.5,1.5
1.3,1.3,1.4,1.0
1.0
1.4,1.5,1.5
1.2,1.5
1.2
power consumption of each machine:
5,9,7,5,5
8
9,8,5,6
6,9
5,6,10,8,10
5,9,8,6
9
10,7,10
10,8
5
standom processing time of each job at each stage:
43,45
32,44
26,33
46,44
50,28
30,20
18,43
32,46
29,31
35,12
17,19
13,14
28,45
20,13
43,39
44,20
24,21
16,25
39,43
39,44
35,16
25,38
31,43
45,32
20,23
31,12
36,35
31,40
38,28
19,50
39,50
10,22
20,19
12,33
46,28
25,17
45,19
26,30
26,13
13,37
16,30
40,18
19,24
26,23
19,24
14,49
30,21
26,37
36,50
32,15
36,33
13,40
39,16
15,32
46,17
22,50
16,46
15,13
42,38
45,26
22,36
16,24
33,34
35,12
38,27
16,46
50,31
29,37
45,17
24,39
27,26
11,25
25,19
50,48
24,16
47,36
18,40
40,21
17,45
30,28
17,22
42,18
31,50
24,24
49,42
47,29
34,26
44,22
14,40
32,19
50,21
30,20
25,30
45,16
21,35
17,40
45,47
15,22
44,14
19,22