5 8 20
number of machines at each stage in each factory:
4,5,2,2,3,1,4,1
1,5,2,4,3,4,5,2
3,4,3,1,2,4,5,4
3,2,3,3,2,2,4,5
4,4,5,1,5,5,3,1
speed of each machine:
1.4,1.5,1.2,1.2
1.4,1.3,1.0,1.3,1.4
1.0,1.2
1.0,1.2
1.1,1.3,1.1
1.5
1.2,1.0,1.0,1.2
1.1
1.2
1.4,1.4,1.4,1.1,1.1
1.2,1.2
1.5,1.4,1.1,1.3
1.4,1.4,1.1
1.0,1.4,1.3,1.5
1.1,1.4,1.4,1.1,1.3
1.5,1.4
1.0,1.5,1.4
1.2,1.2,1.3,1.3
1.0,1.3,1.3
1.3
1.2,1.2
1.3,1.3,1.3,1.1
1.4,1.2,1.4,1.4,1.2
1.1,1.1,1.1,1.2
1.1,1.3,1.2
1.5,1.2
1.1,1.0,1.1
1.3,1.2,1.5
1.2,1.1
1.4,1.4
1.5,1.2,1.0,1.2
1.2,1.3,1.4,1.5,1.1
1.5,1.1,1.2,1.1
1.0,1.1,1.2,1.2
1.0,1.4,1.1,1.1,1.0
1.1
1.4,1.5,1.3,1.5,1.4
1.1,1.3,1.5,1.5,1.4
1.3,1.5,1.1
1.3
power consumption of each machine:
7,8,8,7
5,9,6,7,6
7,8
9,9
10,8,8
5
6,7,5,8
10
8
9,8,8,6,10
5,10
7,10,5,8
7,8,7
7,10,10,9
9,6,7,5,6
6,8
10,8,9
9,5,5,7
8,8,7
6
10,6
8,5,8,6
8,6,10,6,6
8,6,9,8
5,7,10
10,5
7,10,9
7,7,8
7,6
6,9
9,8,10,10
7,9,9,8,6
7,8,9,6
6,6,10,8
10,10,9,6,9
5
8,7,9,6,7
8,5,5,6,6
7,5,6
5
standom processing time of each job at each stage:
32,36,45,23,40,22,16,37
11,28,19,31,41,16,44,15
45,26,29,17,45,23,42,28
31,21,40,25,14,24,26,27
45,42,27,50,49,22,25,13
22,32,46,26,37,19,37,20
27,12,29,20,15,17,32,21
10,41,10,29,11,30,19,48
31,34,26,43,42,25,19,14
42,21,20,11,11,27,24,49
43,32,31,42,32,13,14,22
19,37,17,48,40,25,19,10
15,35,29,15,30,12,33,16
28,15,47,47,43,16,18,21
18,34,23,12,41,17,41,38
36,39,32,42,19,11,31,15
25,41,20,31,48,48,34,44
32,23,14,31,10,13,45,31
27,25,48,35,43,27,38,20
41,29,12,41,23,17,20,31