5 2 50
number of machines at each stage in each factory:
1,1
4,3
4,1
3,2
4,3
speed of each machine:
1.3
1.4
1.5,1.1,1.1,1.1
1.2,1.3,1.1
1.1,1.2,1.2,1.3
1.3
1.4,1.3,1.1
1.1,1.4
1.4,1.4,1.5,1.4
1.1,1.4,1.2
power consumption of each machine:
8
7
10,8,10,8
5,5,7
6,10,7,8
8
8,5,5
9,9
6,6,7,6
5,6,5
standom processing time of each job at each stage:
19,24
40,41
42,26
31,44
31,29
38,43
18,32
34,21
11,15
17,26
38,25
27,47
41,44
26,46
32,29
41,27
18,47
19,31
46,49
50,49
29,36
46,50
48,29
18,24
37,13
25,12
32,15
15,28
47,39
22,38
16,15
26,15
36,29
49,47
35,46
25,31
28,32
39,24
10,15
33,43
48,17
42,28
39,25
38,30
36,26
16,48
34,16
31,31
46,50
29,14