5 8 100
number of machines at each stage in each factory:
3,2,4,5,3,3,1,2
2,4,2,3,2,5,5,2
1,3,5,5,4,3,3,2
3,4,2,5,1,3,3,4
5,5,4,2,3,3,1,3
speed of each machine:
1.3,1.4,1.4
1.4,1.4
1.2,1.4,1.2,1.5
1.1,1.3,1.0,1.4,1.2
1.3,1.1,1.4
1.2,1.3,1.3
1.3
1.5,1.5
1.2,1.2
1.3,1.3,1.3,1.0
1.4,1.1
1.2,1.3,1.1
1.4,1.5
1.2,1.3,1.2,1.0,1.4
1.4,1.1,1.4,1.5,1.1
1.0,1.4
1.4
1.1,1.2,1.5
1.2,1.1,1.4,1.2,1.0
1.2,1.4,1.5,1.0,1.5
1.1,1.4,1.0,1.4
1.4,1.0,1.3
1.3,1.4,1.2
1.5,1.3
1.3,1.3,1.3
1.4,1.3,1.4,1.1
1.2,1.3
1.3,1.5,1.1,1.0,1.1
1.2
1.4,1.3,1.3
1.1,1.2,1.3
1.2,1.2,1.1,1.1
1.4,1.2,1.1,1.0,1.0
1.1,1.5,1.4,1.2,1.2
1.3,1.3,1.4,1.1
1.3,1.5
1.4,1.3,1.1
1.2,1.3,1.1
1.3
1.3,1.4,1.3
power consumption of each machine:
9,8,7
8,9
5,6,9,5
5,9,9,9,8
9,6,8
9,9,5
10
6,9
8,6
7,9,8,5
7,8
5,6,6
8,7
7,8,7,9,5
9,5,10,5,6
7,9
6
7,10,8
7,6,10,7,10
10,6,9,10,7
6,9,10,10
6,8,9
7,6,8
7,5
5,5,9
10,6,7,10
10,9
8,8,5,5,10
7
5,5,6
10,10,7
7,10,5,10
9,10,5,6,10
8,6,8,9,6
8,9,9,6
5,8
7,6,5
8,6,5
10
10,8,10
standom processing time of each job at each stage:
45,32,29,14,14,40,31,16
19,27,46,46,35,40,44,28
26,16,23,41,44,10,42,46
19,15,39,41,13,12,37,29
17,39,37,22,27,23,44,38
18,36,48,28,22,14,33,21
48,47,10,30,40,42,15,20
31,42,46,34,49,33,44,23
15,11,45,13,15,45,28,13
32,28,38,10,20,30,31,46
13,11,15,46,17,36,20,25
19,49,36,31,15,36,44,22
36,36,47,10,35,50,23,23
27,44,29,29,19,41,20,42
16,17,35,28,44,47,48,34
50,20,30,31,50,32,29,28
29,25,37,27,43,41,42,18
49,38,15,16,43,35,16,26
46,34,33,31,42,12,35,48
26,16,25,42,16,48,28,45
44,30,46,29,36,13,37,45
34,33,30,29,11,50,10,17
47,20,31,34,50,18,28,17
44,11,35,40,49,12,25,35
36,45,38,18,17,47,49,44
11,50,48,36,20,10,19,23
16,22,18,17,32,29,17,49
29,25,35,18,23,39,19,33
29,17,39,33,45,23,42,40
37,14,31,38,50,45,22,41
38,19,20,23,29,28,49,30
29,40,45,35,28,13,31,27
40,24,20,31,40,39,23,37
10,23,35,23,34,19,13,40
22,34,18,14,14,42,47,24
28,18,12,15,42,15,20,28
46,21,49,40,21,48,27,18
33,23,33,35,31,35,49,20
23,15,31,37,17,42,37,38
11,18,50,12,23,21,41,46
10,22,46,18,38,33,12,31
35,41,13,31,37,30,22,10
28,49,33,25,10,28,24,44
47,36,48,34,39,29,10,39
26,37,42,12,31,38,44,33
50,33,22,29,35,16,15,30
44,12,16,13,48,10,36,35
15,32,16,36,21,18,41,14
46,43,14,13,29,20,49,44
28,16,35,41,20,46,25,25
16,14,45,49,33,33,38,20
18,26,11,25,25,23,38,34
20,49,40,50,11,48,39,25
23,20,11,21,23,27,14,23
20,14,15,23,10,16,16,21
26,25,48,25,48,35,24,21
28,33,15,35,16,22,15,37
24,18,12,19,27,25,38,16
17,40,40,46,37,32,46,41
42,28,18,23,47,24,45,16
16,41,20,28,12,30,16,48
39,19,37,13,21,45,35,41
50,18,33,18,43,10,23,23
11,50,35,17,42,36,38,16
19,43,14,34,36,11,38,14
18,27,38,32,50,24,26,20
49,12,15,23,19,22,34,16
32,44,19,36,29,22,38,22
50,46,31,48,50,21,40,11
42,30,26,18,24,45,28,23
14,24,30,42,36,40,36,38
17,20,36,39,15,13,37,24
27,39,16,32,32,34,49,31
16,15,15,14,46,16,40,18
45,35,42,48,49,48,32,21
23,24,23,49,44,20,31,14
41,14,23,20,45,20,46,33
28,29,48,32,38,41,37,10
37,10,16,15,37,43,15,23
41,38,36,36,36,39,23,19
12,32,20,40,48,36,39,32
46,24,13,46,13,13,19,33
48,16,31,34,30,31,20,33
47,48,31,11,35,15,20,35
30,44,25,27,33,34,18,26
14,20,38,45,27,22,30,31
24,41,19,11,30,40,30,30
39,39,16,14,18,45,11,30
16,27,18,12,38,36,48,23
16,48,36,12,25,33,27,32
14,49,10,34,37,10,30,39
40,34,41,38,10,10,38,31
22,33,45,15,37,19,40,15
34,23,28,16,15,43,15,16
44,23,48,25,38,29,26,14
17,11,44,16,50,21,19,11
47,17,26,14,35,16,43,50
16,21,47,46,27,21,41,37
11,15,26,40,33,43,30,32
40,29,39,44,18,28,37,45