5 5 20
number of machines at each stage in each factory:
4,5,1,2,4
1,1,2,5,5
2,3,5,3,5
4,5,3,5,3
5,2,2,1,2
speed of each machine:
1.5,1.2,1.3,1.4
1.0,1.0,1.1,1.4,1.0
1.2
1.3,1.4
1.4,1.1,1.4,1.1
1.5
1.3
1.3,1.1
1.2,1.3,1.2,1.0,1.3
1.3,1.3,1.5,1.3,1.5
1.1,1.1
1.5,1.2,1.4
1.3,1.4,1.2,1.1,1.4
1.2,1.5,1.3
1.5,1.2,1.3,1.2,1.1
1.5,1.3,1.0,1.3
1.3,1.4,1.2,1.5,1.3
1.0,1.5,1.3
1.1,1.5,1.3,1.0,1.4
1.4,1.5,1.4
1.0,1.0,1.1,1.4,1.3
1.3,1.4
1.5,1.3
1.4
1.1,1.0
power consumption of each machine:
9,10,7,6
9,8,5,6,7
9
8,7
9,8,7,9
5
10
7,7
9,5,9,9,6
8,6,9,6,7
10,6
9,6,5
6,5,9,8,7
8,9,10
5,5,5,9,10
6,10,9,6
10,7,10,9,10
8,9,9
7,9,10,8,9
7,8,5
7,6,8,7,5
10,6
8,6
9
9,8
standom processing time of each job at each stage:
46,33,32,12,38
41,19,34,39,22
28,21,46,26,40
30,45,27,12,31
39,46,26,37,18
38,12,45,23,46
46,50,28,43,48
50,35,49,47,12
44,38,24,21,36
50,31,26,38,47
50,21,32,16,42
24,46,33,21,45
42,37,48,10,32
43,16,46,28,37
38,47,48,40,17
31,26,49,39,21
24,50,40,18,50
40,33,12,38,10
49,22,27,43,20
38,21,15,27,15