5 5 20
number of machines at each stage in each factory:
4,1,2,1,5
4,1,1,5,2
1,4,5,4,2
5,3,2,2,3
2,2,2,3,1
speed of each machine:
1.0,1.4,1.4,1.4
1.3
1.4,1.3
1.4
1.1,1.3,1.3,1.3,1.0
1.1,1.2,1.3,1.1
1.5
1.1
1.1,1.4,1.5,1.3,1.2
1.3,1.1
1.3
1.1,1.4,1.5,1.0
1.5,1.2,1.2,1.4,1.2
1.0,1.1,1.2,1.1
1.3,1.4
1.2,1.0,1.1,1.4,1.3
1.4,1.5,1.3
1.3,1.4
1.1,1.4
1.1,1.3,1.5
1.3,1.2
1.4,1.3
1.3,1.1
1.1,1.2,1.4
1.4
power consumption of each machine:
8,9,8,8
8
7,5
6
10,6,6,7,9
7,10,7,9
5
6
5,8,10,9,9
7,6
5
6,8,6,8
9,8,8,10,6
5,5,7,10
7,5
8,7,7,7,6
10,6,5
9,9
6,6
6,10,6
5,10
8,7
5,7
7,10,5
10
standom processing time of each job at each stage:
43,10,46,10,18
34,36,15,39,28
22,16,31,12,32
41,22,48,15,25
32,28,41,49,47
28,46,46,13,19
10,18,27,10,35
46,24,15,23,19
15,23,43,10,13
40,16,45,13,49
21,11,31,18,41
23,24,28,12,44
44,30,30,43,42
11,16,36,24,27
36,42,41,35,15
48,22,25,48,25
27,48,46,38,27
26,48,19,48,44
36,13,15,16,36
28,21,40,39,43