5 2 50
number of machines at each stage in each factory:
3,2
4,5
3,3
1,2
2,4
speed of each machine:
1.3,1.3,1.2
1.2,1.1
1.2,1.3,1.4,1.2
1.1,1.2,1.3,1.2,1.3
1.0,1.1,1.1
1.3,1.4,1.4
1.4
1.2,1.4
1.1,1.3
1.3,1.1,1.4,1.3
power consumption of each machine:
9,10,6
6,9
7,7,7,9
6,9,7,10,7
8,9,9
9,9,6
8
5,10
9,10
7,10,5,9
standom processing time of each job at each stage:
49,37
47,43
34,47
37,36
32,41
17,17
15,13
18,25
49,45
15,45
42,33
33,41
26,45
15,45
12,45
24,30
39,10
18,48
45,28
43,32
18,34
19,42
17,26
50,47
35,47
19,11
11,35
35,47
37,32
30,20
26,14
44,41
12,22
24,40
36,10
37,12
12,31
10,49
21,32
48,26
19,31
39,46
41,34
12,37
30,44
45,46
15,36
49,32
43,43
43,48