5 8 20
number of machines at each stage in each factory:
5,2,4,4,5,2,1,2
3,3,1,5,1,5,1,4
3,4,5,5,1,1,1,4
1,3,1,2,5,2,4,4
1,4,1,2,1,1,5,5
speed of each machine:
1.5,1.2,1.1,1.2,1.5
1.1,1.1
1.1,1.5,1.2,1.2
1.4,1.2,1.2,1.3
1.3,1.1,1.2,1.3,1.2
1.4,1.3
1.1
1.2,1.3
1.0,1.0,1.4
1.3,1.2,1.4
1.3
1.2,1.1,1.4,1.1,1.1
1.2
1.4,1.4,1.3,1.2,1.2
1.2
1.3,1.1,1.2,1.5
1.4,1.2,1.3
1.3,1.2,1.4,1.3
1.0,1.3,1.2,1.1,1.3
1.3,1.2,1.1,1.3,1.5
1.3
1.1
1.2
1.4,1.3,1.5,1.3
1.0
1.0,1.5,1.3
1.1
1.5,1.4
1.3,1.1,1.2,1.4,1.1
1.3,1.3
1.3,1.3,1.4,1.2
1.5,1.1,1.2,1.4
1.4
1.0,1.1,1.3,1.3
1.1
1.2,1.0
1.1
1.1
1.3,1.2,1.2,1.3,1.0
1.1,1.4,1.5,1.3,1.2
power consumption of each machine:
10,7,8,6,6
5,9
8,6,7,5
10,5,9,6
8,9,5,7,6
8,6
6
9,7
6,5,7
10,7,9
9
6,6,9,5,9
7
10,7,9,8,7
9
8,7,10,7
6,8,7
9,8,9,5
7,5,7,5,7
5,10,9,5,9
6
5
5
7,5,5,7
9
5,9,9
5
7,10
5,7,6,5,5
10,9
9,9,5,5
10,8,5,9
7
6,9,6,6
10
9,10
10
9
7,7,5,10,9
6,7,7,9,9
standom processing time of each job at each stage:
38,25,43,10,11,34,49,46
32,11,30,18,33,37,45,24
32,35,35,40,22,33,48,34
32,37,12,28,47,27,27,14
35,39,21,47,41,13,40,23
15,49,10,25,46,23,42,42
21,11,42,49,16,13,48,40
14,37,50,40,36,36,37,35
12,31,30,20,43,47,28,27
27,44,18,23,15,32,50,28
11,42,17,14,39,22,46,10
47,12,31,32,19,40,32,33
20,18,21,49,13,17,26,16
17,23,26,12,49,14,12,39
47,23,34,10,31,45,36,39
25,14,31,37,20,37,10,31
35,13,15,10,27,20,49,33
49,12,29,32,22,34,12,17
38,47,17,45,42,35,30,15
45,25,50,14,37,18,11,30