5 5 50
number of machines at each stage in each factory:
5,5,2,4,1
1,1,4,4,2
1,5,5,5,3
2,1,3,5,4
3,4,3,5,4
speed of each machine:
1.3,1.5,1.3,1.0,1.2
1.2,1.3,1.2,1.4,1.5
1.1,1.2
1.5,1.0,1.1,1.1
1.5
1.1
1.2
1.0,1.2,1.2,1.1
1.5,1.3,1.5,1.1
1.4,1.3
1.5
1.1,1.5,1.0,1.2,1.4
1.1,1.5,1.4,1.5,1.1
1.5,1.4,1.2,1.2,1.1
1.4,1.2,1.1
1.3,1.2
1.3
1.5,1.1,1.3
1.1,1.0,1.4,1.5,1.3
1.1,1.3,1.5,1.2
1.3,1.5,1.1
1.1,1.4,1.5,1.5
1.2,1.0,1.5
1.1,1.5,1.3,1.2,1.4
1.1,1.4,1.4,1.4
power consumption of each machine:
6,9,5,7,8
7,6,6,6,7
9,8
5,9,8,6
7
7
8
8,10,8,7
9,9,8,8
7,5
10
10,7,7,7,9
9,9,9,7,10
9,9,8,5,9
5,5,8
10,10
8
7,7,7
7,6,8,5,7
8,6,9,9
8,6,10
8,8,7,8
5,8,9
5,8,5,8,6
6,7,10,8
standom processing time of each job at each stage:
49,45,27,20,47
23,18,32,39,33
33,28,43,48,32
38,28,43,46,15
27,37,16,18,32
26,24,41,20,12
19,48,35,43,42
41,32,36,25,26
35,25,32,18,43
48,38,41,26,40
35,39,44,15,31
42,47,32,23,35
31,31,16,12,45
28,36,14,37,22
15,20,49,45,45
27,23,33,23,48
35,37,48,41,45
22,40,27,27,13
43,48,39,34,45
43,41,31,39,27
28,49,49,13,12
49,25,15,45,17
37,26,12,15,50
25,16,13,10,50
18,19,16,10,49
49,30,12,17,44
39,41,16,13,24
19,24,10,22,33
22,17,40,11,40
39,44,21,45,39
43,21,43,47,15
34,13,41,29,23
17,23,31,22,17
43,43,36,37,28
17,10,42,17,19
24,37,41,21,18
20,10,29,37,41
24,36,36,10,27
40,22,21,46,32
34,21,46,45,46
11,13,11,32,42
34,26,18,20,28
43,31,47,43,10
44,22,50,41,24
40,22,23,21,44
12,34,25,25,36
43,33,22,39,17
28,49,24,34,11
26,44,50,49,17
22,21,24,36,49