5 8 20
number of machines at each stage in each factory:
3,1,2,4,1,1,1,4
3,4,2,2,3,1,5,5
1,3,2,3,3,3,5,2
4,3,1,2,3,1,4,1
4,2,4,1,5,2,5,5
speed of each machine:
1.1,1.2,1.4
1.2
1.3,1.4
1.3,1.4,1.4,1.2
1.4
1.2
1.4
1.1,1.2,1.4,1.2
1.2,1.0,1.3
1.5,1.1,1.1,1.5
1.4,1.1
1.2,1.3
1.4,1.4,1.2
1.4
1.1,1.1,1.5,1.4,1.1
1.2,1.3,1.1,1.1,1.1
1.4
1.1,1.0,1.5
1.1,1.1
1.5,1.2,1.3
1.4,1.1,1.4
1.1,1.2,1.4
1.4,1.4,1.4,1.0,1.2
1.3,1.5
1.3,1.2,1.4,1.2
1.3,1.3,1.5
1.2
1.3,1.0
1.4,1.3,1.1
1.4
1.2,1.4,1.5,1.4
1.1
1.2,1.2,1.3,1.2
1.4,1.5
1.1,1.1,1.2,1.1
1.2
1.2,1.4,1.3,1.3,1.1
1.0,1.1
1.1,1.0,1.1,1.5,1.2
1.4,1.3,1.1,1.4,1.2
power consumption of each machine:
10,7,7
6
7,9
8,6,7,10
8
8
7
9,10,7,9
10,5,9
5,6,9,8
5,8
7,5
5,5,9
10
9,9,8,8,5
8,6,9,8,6
10
5,9,6
8,10
10,10,5
9,8,8
6,10,9
10,9,5,6,10
7,7
8,9,9,8
5,5,5
6
7,5
5,5,9
5
5,10,7,7
7
10,10,6,10
8,10
6,6,9,5
10
9,10,8,7,6
10,10
6,10,7,9,9
5,5,8,5,7
standom processing time of each job at each stage:
40,23,16,22,10,45,18,26
29,34,22,43,50,31,28,16
19,21,11,38,30,42,25,18
29,43,39,39,40,12,43,15
37,50,13,37,46,48,40,12
48,14,30,43,17,22,43,40
10,13,35,32,10,19,16,10
12,42,27,24,30,30,35,38
23,14,43,11,31,31,22,39
48,33,49,36,12,45,38,23
10,36,28,33,16,25,43,36
21,13,46,41,12,42,43,23
47,43,25,27,23,14,42,32
35,23,12,27,40,41,48,34
45,28,20,35,47,45,32,45
28,35,21,22,29,13,43,38
24,29,48,18,25,24,42,10
31,46,33,23,23,39,43,20
30,41,32,21,37,48,27,48
15,22,13,28,41,13,30,37