5 8 20
number of machines at each stage in each factory:
4,5,1,2,4,1,1,2
5,5,2,3,5,3,5,4
5,3,5,3,5,2,2,1
2,2,2,2,1,5,2,1
1,4,3,2,1,4,2,2
speed of each machine:
1.1,1.1,1.1,1.4
1.0,1.3,1.3,1.1,1.2
1.1
1.1,1.3
1.1,1.3,1.3,1.3
1.1
1.3
1.0,1.4
1.2,1.3,1.3,1.2,1.3
1.3,1.1,1.3,1.3,1.2
1.4,1.2
1.2,1.0,1.4
1.5,1.2,1.4,1.4,1.2
1.4,1.1,1.3
1.2,1.4,1.2,1.1,1.4
1.3,1.0,1.2,1.4
1.2,1.1,1.3,1.1,1.0
1.3,1.1,1.2
1.1,1.1,1.1,1.5,1.1
1.1,1.0,1.3
1.4,1.1,1.4,1.3,1.2
1.4,1.2
1.5,1.5
1.3
1.0,1.1
1.0,1.4
1.4,1.4
1.4,1.2
1.3
1.4,1.1,1.0,1.0,1.1
1.2,1.0
1.4
1.4
1.4,1.2,1.5,1.1
1.5,1.1,1.1
1.4,1.2
1.0
1.2,1.2,1.1,1.3
1.3,1.1
1.0,1.5
power consumption of each machine:
5,10,10,9
7,9,6,7,10
6
10,9
8,6,9,5
8
6
9,10
9,7,8,10,6
6,9,9,5,7
6,8
10,7,7
7,7,7,5,10
7,5,9
10,5,7,8,5
9,8,8,8
8,6,7,5,6
9,7,8
9,7,6,7,10
5,10,8
7,5,5,5,5
7,9
7,6
8
7,9
10,6
10,8
5,9
9
9,5,5,10,9
7,7
10
9
10,8,10,6
9,8,7
7,7
10
5,10,10,10
6,8
6,8
standom processing time of each job at each stage:
45,26,38,47,10,47,39,28
24,49,16,38,20,42,39,28
46,39,49,38,39,49,36,37
22,27,17,37,17,29,42,22
48,42,40,32,15,37,41,32
22,32,48,28,39,39,28,41
44,29,39,32,25,17,38,29
37,29,25,16,34,32,21,47
11,39,25,44,32,32,49,28
50,26,27,34,48,10,43,28
17,24,46,36,42,11,34,32
44,40,31,14,13,28,43,21
21,22,14,10,35,50,17,17
43,17,44,14,15,49,22,42
31,38,17,38,35,43,11,23
48,31,37,48,30,43,11,41
48,38,21,45,41,12,13,42
20,42,43,15,10,47,18,34
26,42,42,34,31,37,45,14
42,34,48,35,42,50,43,16