5 8 20
number of machines at each stage in each factory:
3,2,4,5,3,3,1,2
2,4,2,3,2,5,5,2
1,3,5,5,4,3,3,2
3,4,2,5,1,3,3,4
5,5,4,2,3,3,1,3
speed of each machine:
1.3,1.4,1.4
1.4,1.4
1.2,1.4,1.2,1.5
1.1,1.3,1.0,1.4,1.2
1.3,1.1,1.4
1.2,1.3,1.3
1.3
1.5,1.5
1.2,1.2
1.3,1.3,1.3,1.0
1.4,1.1
1.2,1.3,1.1
1.4,1.5
1.2,1.3,1.2,1.0,1.4
1.4,1.1,1.4,1.5,1.1
1.0,1.4
1.4
1.1,1.2,1.5
1.2,1.1,1.4,1.2,1.0
1.2,1.4,1.5,1.0,1.5
1.1,1.4,1.0,1.4
1.4,1.0,1.3
1.3,1.4,1.2
1.5,1.3
1.3,1.3,1.3
1.4,1.3,1.4,1.1
1.2,1.3
1.3,1.5,1.1,1.0,1.1
1.2
1.4,1.3,1.3
1.1,1.2,1.3
1.2,1.2,1.1,1.1
1.4,1.2,1.1,1.0,1.0
1.1,1.5,1.4,1.2,1.2
1.3,1.3,1.4,1.1
1.3,1.5
1.4,1.3,1.1
1.2,1.3,1.1
1.3
1.3,1.4,1.3
power consumption of each machine:
9,8,7
8,9
5,6,9,5
5,9,9,9,8
9,6,8
9,9,5
10
6,9
8,6
7,9,8,5
7,8
5,6,6
8,7
7,8,7,9,5
9,5,10,5,6
7,9
6
7,10,8
7,6,10,7,10
10,6,9,10,7
6,9,10,10
6,8,9
7,6,8
7,5
5,5,9
10,6,7,10
10,9
8,8,5,5,10
7
5,5,6
10,10,7
7,10,5,10
9,10,5,6,10
8,6,8,9,6
8,9,9,6
5,8
7,6,5
8,6,5
10
10,8,10
standom processing time of each job at each stage:
45,32,29,14,14,40,31,16
19,27,46,46,35,40,44,28
26,16,23,41,44,10,42,46
19,15,39,41,13,12,37,29
17,39,37,22,27,23,44,38
18,36,48,28,22,14,33,21
48,47,10,30,40,42,15,20
31,42,46,34,49,33,44,23
15,11,45,13,15,45,28,13
32,28,38,10,20,30,31,46
13,11,15,46,17,36,20,25
19,49,36,31,15,36,44,22
36,36,47,10,35,50,23,23
27,44,29,29,19,41,20,42
16,17,35,28,44,47,48,34
50,20,30,31,50,32,29,28
29,25,37,27,43,41,42,18
49,38,15,16,43,35,16,26
46,34,33,31,42,12,35,48
26,16,25,42,16,48,28,45