5 5 20
number of machines at each stage in each factory:
1,1,4,3,4
1,3,2,4,3
5,5,5,4,5
3,4,4,3,2
3,5,4,1,5
speed of each machine:
1.1
1.3
1.2,1.2,1.3,1.4
1.3,1.5,1.1
1.3,1.1,1.5,1.2
1.4
1.4,1.5,1.4
1.4,1.2
1.4,1.4,1.2,1.5
1.2,1.4,1.5
1.4,1.3,1.3,1.2,1.5
1.0,1.4,1.2,1.1,1.2
1.4,1.2,1.3,1.4,1.5
1.4,1.2,1.3,1.2
1.5,1.3,1.5,1.4,1.1
1.4,1.3,1.4
1.3,1.2,1.2,1.3
1.2,1.1,1.4,1.4
1.4,1.5,1.5
1.4,1.4
1.2,1.1,1.5
1.1,1.0,1.0,1.1,1.3
1.4,1.4,1.3,1.1
1.4
1.1,1.1,1.4,1.4,1.0
power consumption of each machine:
10
6
10,9,9,7
5,10,8
6,10,6,9
5
7,9,8
6,8
10,6,7,9
8,7,7
6,7,8,6,5
10,9,8,10,7
7,5,8,6,7
8,7,8,9
9,9,10,7,6
8,6,6
8,5,5,5
5,10,8,10
8,6,9
6,10
8,10,7
10,7,9,9,7
8,7,9,7
8
8,10,5,9,10
standom processing time of each job at each stage:
20,21,40,27,28
11,32,44,24,45
32,39,29,10,40
46,44,21,31,31
37,29,19,27,50
25,20,14,48,23
40,28,16,33,31
36,26,27,47,16
39,44,32,10,32
36,10,14,33,38
26,19,26,17,50
10,34,21,26,48
33,34,35,12,17
47,19,20,29,22
41,14,10,41,48
36,20,24,50,24
15,26,37,15,42
19,18,24,22,37
39,19,50,22,43
27,12,44,32,40