5 8 20
number of machines at each stage in each factory:
1,1,4,3,4,1,3,2
4,3,5,5,5,4,5,3
4,4,3,2,3,5,4,1
5,4,2,3,1,5,5,3
5,3,2,1,3,3,2,1
speed of each machine:
1.3
1.4
1.1,1.4,1.2,1.2
1.4,1.4,1.5
1.1,1.4,1.2,1.4
1.3
1.2,1.2,1.4
1.3,1.4
1.5,1.0,1.4,1.2
1.2,1.4,1.2
1.5,1.4,1.2,1.3,1.2
1.2,1.5,1.3,1.5,1.4
1.1,1.4,1.3,1.4,1.3
1.5,1.3,1.2,1.2
1.1,1.2,1.1,1.4,1.4
1.3,1.4,1.5
1.0,1.4,1.4,1.4
1.2,1.2,1.1,1.5
1.4,1.1,1.0
1.3,1.4
1.0,1.4,1.1
1.2,1.1,1.1,1.4,1.4
1.0,1.3,1.1,1.4
1.0
1.4,1.0,1.2,1.0,1.2
1.0,1.1,1.0,1.2
1.5,1.2
1.4,1.4,1.2
1.1
1.1,1.3,1.3,1.4,1.1
1.5,1.1,1.4,1.2,1.1
1.4,1.3,1.2
1.0,1.3,1.3,1.4,1.2
1.4,1.2,1.5
1.2,1.3
1.3
1.0,1.1,1.4
1.0,1.2,1.4
1.1,1.4
1.1
power consumption of each machine:
9
5
10,8,9,8
6,5,7
10,7,10,7
6
5,7,8
5,9
5,6,7,7
8,10,5
8,5,9,5,8
5,9,10,10,9
6,8,5,8,5
9,6,7,10
7,8,9,9,5
7,7,6
6,5,8,10
6,5,7,9
6,10,6
9,9
7,9,6
8,8,6,9,10
5,9,5,5
9
7,7,6,5,8
8,8,5,7
7,9
10,10,10
5
8,5,8,7,9
6,9,9,10,6
10,9,10
7,7,6,9,5
6,5,7
6,6
7
7,7,6
10,7,7
6,5
5
standom processing time of each job at each stage:
43,37,16,27,41,16,15,22
15,40,34,19,43,43,47,35
15,22,39,10,13,15,17,48
43,12,10,39,23,24,22,43
18,40,11,50,32,16,46,23
12,12,13,40,20,33,29,26
24,44,38,27,15,28,12,42
21,15,43,18,18,26,39,38
46,32,31,45,16,24,21,26
22,34,46,38,36,22,50,41
34,34,16,31,50,25,30,43
43,22,28,17,32,50,36,19
48,49,49,13,21,39,39,37
20,34,46,35,36,30,42,14
28,36,43,10,26,50,43,22
13,26,12,18,35,42,28,49
50,12,38,44,34,45,10,36
11,17,34,26,49,36,37,21
44,45,23,38,28,29,29,20
31,17,22,36,22,33,35,16