5 2 100
number of machines at each stage in each factory:
5,2
4,4
5,2
1,2
3,3
speed of each machine:
1.0,1.3,1.4,1.2,1.2
1.3,1.3
1.1,1.4,1.1,1.4
1.4,1.5,1.2,1.2
1.1,1.1,1.2,1.3,1.5
1.2,1.1
1.1
1.5,1.2
1.2,1.2,1.3
1.1,1.2,1.3
power consumption of each machine:
8,9,9,10,9
8,8
5,7,7,8
7,8,10,9
10,5,10,10,9
8,6
9
5,9
7,8,7
10,7,6
standom processing time of each job at each stage:
22,50
38,47
19,33
31,14
37,22
21,16
43,31
31,40
38,22
22,46
17,31
48,25
28,38
26,15
45,23
42,33
41,43
50,37
24,42
44,41
48,28
19,19
23,31
11,41
24,26
35,43
31,29
28,10
23,20
37,38
18,43
46,35
38,17
25,10
28,49
10,19
44,15
31,26
21,42
50,46
15,38
39,41
17,38
24,23
29,23
34,13
17,42
43,21
37,14
48,41
40,24
22,26
36,42
43,18
40,43
25,32
44,22
14,30
28,31
32,28
15,49
15,15
16,41
39,26
14,48
23,12
22,34
37,26
15,50
39,19
49,24
16,12
47,32
19,45
25,30
42,45
31,16
30,10
30,43
31,12
21,21
46,18
17,17
31,29
49,32
45,27
43,18
25,20
28,37
27,36
49,10
18,23
34,22
44,13
42,36
27,21
11,47
47,19
37,29
30,12