5 8 100
number of machines at each stage in each factory:
4,1,2,1,5,4,1,1
5,2,1,4,5,4,2,5
3,2,2,3,2,2,2,3
1,3,1,1,5,5,2,4
4,3,5,2,4,4,3,2
speed of each machine:
1.4,1.3,1.3,1.2
1.4
1.1,1.3
1.1
1.5,1.2,1.2,1.0,1.1
1.1,1.5,1.2,1.2
1.1
1.3
1.3,1.1,1.1,1.2,1.5
1.1,1.4
1.5
1.0,1.1,1.2,1.1
1.3,1.4,1.2,1.5,1.3
1.2,1.0,1.1,1.4
1.4,1.5
1.3,1.4,1.4,1.1,1.4
1.1,1.4,1.5
1.1,1.3
1.3,1.2
1.4,1.3,1.1
1.3,1.1
1.1,1.2
1.4,1.4
1.4,1.0,1.1
1.5
1.4,1.3,1.4
1.4
1.2
1.4,1.4,1.4,1.5,1.4
1.4,1.0,1.0,1.1,1.1
1.1,1.2
1.4,1.2,1.4,1.0
1.3,1.2,1.2,1.1
1.3,1.3,1.2
1.3,1.2,1.2,1.4,1.2
1.2,1.1
1.3,1.4,1.3,1.4
1.0,1.5,1.3,1.4
1.4,1.4,1.2
1.1,1.0
power consumption of each machine:
8,7,6,10
5
5,5
10
10,10,7,7,10
9,10,6,7
5
10
6,7,5,5,7
6,5
10
10,10,9,6
7,5,8,10,10
7,9,8,8
8,6
6,10,10,7,9
7,7,7
10,8
5,6
5,6,6
6,9
9,10
9,10
10,7,7
7
7,6,10
5
10
10,5,5,8,10
9,9,5,8,6
6,6
9,10,6,8
10,7,7,6
7,7,7
10,8,5,9,7
10,8
5,6,5,5
9,6,9,6
7,10,8
8,7
standom processing time of each job at each stage:
12,10,41,32,20,47,10,22
35,49,43,34,17,14,27,15
15,27,30,32,11,20,16,47
43,49,10,40,33,17,14,35
27,27,19,11,32,43,37,50
28,39,12,20,36,34,19,21
26,12,19,39,11,23,31,35
36,24,14,41,26,16,38,26
13,22,16,15,30,16,31,48
40,23,38,25,47,29,45,28
32,32,25,43,39,24,28,28
22,50,46,17,34,24,45,20
40,34,38,22,44,39,35,42
37,45,35,30,40,48,19,22
15,10,43,19,25,28,26,13
31,13,12,38,29,46,14,43
37,18,42,36,35,20,26,32
14,13,46,31,26,11,42,37
18,41,19,41,32,13,50,47
16,39,40,36,39,47,26,17
22,16,45,19,18,50,32,43
50,17,35,46,42,46,32,18
26,21,33,15,10,29,28,45
24,28,25,39,40,24,42,37
23,37,46,16,10,37,34,30
13,33,31,27,47,49,24,46
10,37,35,44,17,18,14,17
17,14,48,50,47,29,35,28
39,29,49,39,28,46,10,50
45,22,35,27,41,45,17,20
17,26,11,44,30,16,26,49
13,47,46,40,39,24,47,50
12,13,38,13,48,15,46,15
33,50,37,34,37,40,47,43
48,42,26,48,16,36,23,36
17,28,40,14,22,34,34,30
46,30,45,47,13,21,11,22
15,28,41,46,27,40,35,41
39,47,42,11,16,15,17,41
19,16,27,22,21,24,41,31
18,44,18,49,20,17,40,38
21,45,20,30,16,10,41,17
22,18,33,10,43,28,50,25
26,22,36,33,30,12,18,31
16,34,18,23,11,26,30,20
39,20,39,24,23,40,46,36
25,13,32,35,19,41,34,48
36,27,22,18,30,27,50,30
47,14,28,40,42,32,47,34
14,37,32,35,15,13,18,42
20,17,32,37,40,43,37,48
40,35,44,48,14,34,41,43
43,17,16,33,28,45,23,30
40,50,22,43,42,24,21,29
19,27,15,30,32,14,36,16
11,39,11,11,34,28,27,16
42,26,35,20,46,35,25,50
43,10,42,43,41,43,44,41
43,29,42,41,34,41,11,24
14,45,49,26,32,13,11,42
24,26,13,11,33,12,17,23
49,17,40,12,11,15,39,41
44,27,25,41,14,34,23,28
19,28,32,45,11,39,18,47
15,39,18,15,18,45,42,31
48,24,17,35,29,33,49,35
27,27,35,14,46,47,12,31
48,10,33,38,28,28,31,36
26,49,20,11,25,16,31,49
11,47,43,16,37,18,47,45
11,27,26,20,10,10,42,39
11,11,46,31,46,15,13,11
46,26,31,43,13,17,38,18
48,16,39,17,27,23,45,26
48,29,43,17,44,24,47,42
39,46,17,47,25,24,30,24
48,35,47,41,40,33,47,13
30,50,48,48,21,30,21,36
47,31,22,35,26,24,22,20
14,18,44,38,16,45,45,41
29,26,38,43,19,35,30,13
36,18,29,43,13,13,20,32
16,27,43,41,38,15,45,43
15,37,40,21,39,10,22,31
24,39,35,17,33,27,28,48
18,41,11,26,32,49,30,47
10,40,12,13,25,22,23,24
11,22,18,50,46,32,50,12
15,13,16,47,25,30,45,11
48,44,30,18,24,38,47,28
24,16,16,13,28,49,33,29
25,24,27,16,30,19,38,18
10,30,20,46,15,10,49,21
20,20,34,22,31,40,33,21
25,17,45,50,45,39,49,21
27,40,30,47,17,23,16,21
15,25,11,17,47,35,37,22
41,42,14,37,40,21,38,11
45,43,16,20,17,17,14,33
19,31,38,23,32,13,37,27