5 8 20
number of machines at each stage in each factory:
4,1,2,1,5,4,1,1
5,2,1,4,5,4,2,5
3,2,2,3,2,2,2,3
1,3,1,1,5,5,2,4
4,3,5,2,4,4,3,2
speed of each machine:
1.4,1.3,1.3,1.2
1.4
1.1,1.3
1.1
1.5,1.2,1.2,1.0,1.1
1.1,1.5,1.2,1.2
1.1
1.3
1.3,1.1,1.1,1.2,1.5
1.1,1.4
1.5
1.0,1.1,1.2,1.1
1.3,1.4,1.2,1.5,1.3
1.2,1.0,1.1,1.4
1.4,1.5
1.3,1.4,1.4,1.1,1.4
1.1,1.4,1.5
1.1,1.3
1.3,1.2
1.4,1.3,1.1
1.3,1.1
1.1,1.2
1.4,1.4
1.4,1.0,1.1
1.5
1.4,1.3,1.4
1.4
1.2
1.4,1.4,1.4,1.5,1.4
1.4,1.0,1.0,1.1,1.1
1.1,1.2
1.4,1.2,1.4,1.0
1.3,1.2,1.2,1.1
1.3,1.3,1.2
1.3,1.2,1.2,1.4,1.2
1.2,1.1
1.3,1.4,1.3,1.4
1.0,1.5,1.3,1.4
1.4,1.4,1.2
1.1,1.0
power consumption of each machine:
8,7,6,10
5
5,5
10
10,10,7,7,10
9,10,6,7
5
10
6,7,5,5,7
6,5
10
10,10,9,6
7,5,8,10,10
7,9,8,8
8,6
6,10,10,7,9
7,7,7
10,8
5,6
5,6,6
6,9
9,10
9,10
10,7,7
7
7,6,10
5
10
10,5,5,8,10
9,9,5,8,6
6,6
9,10,6,8
10,7,7,6
7,7,7
10,8,5,9,7
10,8
5,6,5,5
9,6,9,6
7,10,8
8,7
standom processing time of each job at each stage:
12,10,41,32,20,47,10,22
35,49,43,34,17,14,27,15
15,27,30,32,11,20,16,47
43,49,10,40,33,17,14,35
27,27,19,11,32,43,37,50
28,39,12,20,36,34,19,21
26,12,19,39,11,23,31,35
36,24,14,41,26,16,38,26
13,22,16,15,30,16,31,48
40,23,38,25,47,29,45,28
32,32,25,43,39,24,28,28
22,50,46,17,34,24,45,20
40,34,38,22,44,39,35,42
37,45,35,30,40,48,19,22
15,10,43,19,25,28,26,13
31,13,12,38,29,46,14,43
37,18,42,36,35,20,26,32
14,13,46,31,26,11,42,37
18,41,19,41,32,13,50,47
16,39,40,36,39,47,26,17