6 8 20
number of machines at each stage in each factory:
3,2,1,1,3,2,3,5
2,1,5,3,5,3,5,4
1,2,1,3,1,2,3,3
1,1,4,3,2,1,5,4
3,4,3,2,3,2,1,2
2,2,4,1,5,3,4,4
speed of each machine:
1.2,1.3,1.4
1.3,1.3
1.4
1.1
1.5,1.2,1.2
1.4,1.3
1.4,1.4,1.3
1.3,1.1,1.3,1.2,1.4
1.0,1.1
1.4
1.3,1.1,1.2,1.4,1.2
1.1,1.2,1.2
1.1,1.2,1.2,1.5,1.5
1.3,1.0,1.4
1.2,1.0,1.3,1.1,1.4
1.4,1.2,1.5,1.1
1.2
1.0,1.0
1.3
1.4,1.0,1.0
1.2
1.3,1.1
1.0,1.1,1.4
1.4,1.4,1.3
1.2
1.5
1.3,1.4,1.4,1.3
1.1,1.1,1.2
1.1,1.2
1.2
1.4,1.2,1.5,1.1,1.2
1.4,1.2,1.4,1.4
1.1,1.0,1.4
1.1,1.1,1.2,1.1
1.1,1.3,1.5
1.0,1.3
1.3,1.4,1.5
1.5,1.2
1.4
1.1,1.1
1.2,1.3
1.1,1.5
1.3,1.0,1.4,1.2
1.2
1.1,1.2,1.1,1.0,1.3
1.2,1.4,1.1
1.0,1.2,1.3,1.1
1.3,1.2,1.4,1.4
power consumption of each machine:
6,9,9
10,10
10
5
8,6,6
10,7
8,8,9
5,9,10,9,7
7,5
8
7,10,9,5,9
10,10,8
7,9,6,7,8
9,9,10
6,10,6,6,9
8,7,7,10
5
5,5
10
8,6,5
6
8,8
8,8,5
7,10,10
6
9
10,8,10,10
5,8,5
5,7
6
8,8,5,9,7
7,5,9,10
7,10,6
10,10,7,9
10,6,6
9,7
6,7,10
7,6
8
7,10
9,9
9,6
5,10,6,7
9
6,10,5,6,8
9,8,5
5,5,8,5
5,5,10,5
standom processing time of each job at each stage:
26,31,16,15,25,28,11,10
40,45,26,41,12,34,32,37
28,39,15,40,18,21,31,49
32,14,43,17,14,47,19,17
45,40,47,38,29,49,16,18
42,24,50,31,20,36,11,34
17,41,42,29,26,19,39,38
48,32,36,25,16,28,18,38
17,50,19,41,26,13,18,36
17,28,33,47,12,11,31,25
40,42,21,24,17,38,35,31
42,28,32,21,43,18,50,27
27,12,17,27,44,14,47,14
21,15,43,22,11,46,18,23
24,40,23,43,24,19,30,46
49,30,38,19,44,16,17,14
46,18,50,20,38,16,21,24
31,39,39,10,15,21,24,23
33,28,44,24,29,27,30,20
17,33,44,15,35,40,23,20