6 8 20
number of machines at each stage in each factory:
5,5,2,3,2,3,4,3
5,1,1,5,2,2,4,3
4,1,3,1,4,4,3,3
1,2,5,5,4,5,5,5
5,1,5,1,5,4,5,4
5,2,4,2,4,1,1,1
speed of each machine:
1.2,1.5,1.2,1.3,1.1
1.3,1.5,1.2,1.3,1.1
1.2,1.2
1.5,1.3,1.4
1.2,1.1
1.1,1.0,1.2
1.2,1.2,1.2,1.2
1.2,1.3,1.4
1.2,1.2,1.5,1.3,1.3
1.1
1.4
1.4,1.2,1.1,1.1,1.1
1.4,1.5
1.2,1.4
1.1,1.5,1.2,1.4
1.3,1.1,1.3
1.4,1.4,1.3,1.1
1.2
1.3,1.5,1.1
1.3
1.3,1.0,1.3,1.3
1.4,1.1,1.1,1.2
1.2,1.3,1.3
1.4,1.2,1.4
1.2
1.3,1.4
1.2,1.2,1.4,1.1,1.2
1.2,1.4,1.1,1.3,1.0
1.1,1.1,1.2,1.4
1.2,1.2,1.5,1.3,1.1
1.1,1.4,1.0,1.1,1.5
1.1,1.3,1.2,1.1,1.4
1.4,1.4,1.1,1.2,1.0
1.4
1.2,1.3,1.2,1.4,1.4
1.3
1.5,1.1,1.1,1.2,1.0
1.2,1.2,1.4,1.3
1.3,1.4,1.5,1.4,1.3
1.1,1.5,1.1,1.4
1.4,1.2,1.4,1.3,1.2
1.2,1.5
1.3,1.3,1.3,1.3
1.1,1.4
1.1,1.4,1.1,1.4
1.3
1.1
1.4
power consumption of each machine:
9,7,9,5,9
10,5,7,7,10
6,6
7,6,8
7,9
5,10,7
5,9,7,10
8,6,9
10,9,8,10,8
9
6
9,6,7,8,9
8,8
9,7
7,7,7,7
9,7,7
6,10,5,6
7
5,6,6
5
9,5,10,8
9,10,5,6
8,7,5
7,7,8
10
5,6
8,7,8,7,6
7,10,10,10,9
10,9,7,10
5,7,6,6,10
10,9,10,6,8
5,8,5,6,10
10,6,10,5,9
5
8,6,10,8,10
7
7,6,5,10,7
7,7,8,8
6,7,7,9,5
10,9,8,6
9,5,9,5,5
10,9
8,9,10,5
9,7
6,7,8,10
9
10
5
standom processing time of each job at each stage:
11,22,38,39,41,48,10,32
37,14,38,19,19,15,39,11
50,14,43,34,29,34,13,41
28,10,20,15,42,30,45,49
31,24,33,24,23,50,46,12
49,34,47,35,19,43,34,31
28,46,14,32,43,34,12,39
10,41,17,25,50,20,45,13
50,10,39,46,42,15,46,46
11,12,26,26,44,33,40,38
18,20,16,27,36,13,46,13
39,39,32,50,27,11,39,49
45,50,35,32,47,46,10,38
30,38,38,48,19,25,34,14
40,35,48,42,19,20,31,49
19,35,45,16,42,49,41,40
16,50,21,47,39,14,15,30
31,29,43,46,32,45,49,11
30,35,25,30,14,38,10,14
23,35,29,29,22,19,37,22