6 8 100
number of machines at each stage in each factory:
3,2,1,1,3,2,3,5
2,1,5,3,5,3,5,4
1,2,1,3,1,2,3,3
1,1,4,3,2,1,5,4
3,4,3,2,3,2,1,2
2,2,4,1,5,3,4,4
speed of each machine:
1.2,1.3,1.4
1.3,1.3
1.4
1.1
1.5,1.2,1.2
1.4,1.3
1.4,1.4,1.3
1.3,1.1,1.3,1.2,1.4
1.0,1.1
1.4
1.3,1.1,1.2,1.4,1.2
1.1,1.2,1.2
1.1,1.2,1.2,1.5,1.5
1.3,1.0,1.4
1.2,1.0,1.3,1.1,1.4
1.4,1.2,1.5,1.1
1.2
1.0,1.0
1.3
1.4,1.0,1.0
1.2
1.3,1.1
1.0,1.1,1.4
1.4,1.4,1.3
1.2
1.5
1.3,1.4,1.4,1.3
1.1,1.1,1.2
1.1,1.2
1.2
1.4,1.2,1.5,1.1,1.2
1.4,1.2,1.4,1.4
1.1,1.0,1.4
1.1,1.1,1.2,1.1
1.1,1.3,1.5
1.0,1.3
1.3,1.4,1.5
1.5,1.2
1.4
1.1,1.1
1.2,1.3
1.1,1.5
1.3,1.0,1.4,1.2
1.2
1.1,1.2,1.1,1.0,1.3
1.2,1.4,1.1
1.0,1.2,1.3,1.1
1.3,1.2,1.4,1.4
power consumption of each machine:
6,9,9
10,10
10
5
8,6,6
10,7
8,8,9
5,9,10,9,7
7,5
8
7,10,9,5,9
10,10,8
7,9,6,7,8
9,9,10
6,10,6,6,9
8,7,7,10
5
5,5
10
8,6,5
6
8,8
8,8,5
7,10,10
6
9
10,8,10,10
5,8,5
5,7
6
8,8,5,9,7
7,5,9,10
7,10,6
10,10,7,9
10,6,6
9,7
6,7,10
7,6
8
7,10
9,9
9,6
5,10,6,7
9
6,10,5,6,8
9,8,5
5,5,8,5
5,5,10,5
standom processing time of each job at each stage:
26,31,16,15,25,28,11,10
40,45,26,41,12,34,32,37
28,39,15,40,18,21,31,49
32,14,43,17,14,47,19,17
45,40,47,38,29,49,16,18
42,24,50,31,20,36,11,34
17,41,42,29,26,19,39,38
48,32,36,25,16,28,18,38
17,50,19,41,26,13,18,36
17,28,33,47,12,11,31,25
40,42,21,24,17,38,35,31
42,28,32,21,43,18,50,27
27,12,17,27,44,14,47,14
21,15,43,22,11,46,18,23
24,40,23,43,24,19,30,46
49,30,38,19,44,16,17,14
46,18,50,20,38,16,21,24
31,39,39,10,15,21,24,23
33,28,44,24,29,27,30,20
17,33,44,15,35,40,23,20
32,26,25,11,23,48,48,32
31,32,43,25,31,30,29,19
46,23,42,36,15,16,11,19
47,39,28,38,44,41,37,15
25,46,12,17,45,21,24,13
37,41,28,45,20,13,19,23
20,49,50,49,13,10,40,17
26,20,44,21,42,45,29,16
11,32,14,23,37,48,46,39
33,20,31,44,29,12,40,23
31,12,28,13,16,47,35,42
15,21,17,27,35,21,13,21
37,19,26,12,28,35,27,30
41,32,33,47,43,19,28,11
38,30,49,19,46,29,28,34
11,28,50,30,44,30,19,20
50,26,39,50,21,50,29,38
50,33,17,39,36,28,42,19
34,42,45,11,29,39,39,35
35,27,50,24,36,16,15,40
18,49,16,39,32,13,24,14
33,31,10,14,24,36,42,15
39,42,23,43,14,23,38,25
37,18,24,14,32,14,12,29
43,23,36,14,36,11,20,27
49,45,24,49,34,23,33,19
49,35,31,45,21,50,31,30
15,45,42,10,13,14,40,36
41,26,36,49,46,50,23,35
17,42,33,37,12,11,22,22
24,42,34,47,10,44,43,29
45,33,18,32,47,29,35,29
36,39,29,11,10,32,44,34
48,45,31,49,17,30,29,12
23,46,36,33,20,38,26,33
36,46,12,45,20,10,25,22
43,33,12,21,21,15,10,50
33,26,35,17,39,24,14,33
12,36,33,17,25,11,19,17
40,50,18,46,24,39,17,19
19,46,50,48,36,46,46,17
28,21,31,38,45,11,20,33
30,36,27,42,37,32,45,12
19,41,13,11,50,13,31,46
34,36,31,30,30,25,43,46
25,37,13,46,26,18,23,35
44,40,46,30,43,45,19,50
11,20,44,11,41,35,22,12
17,17,29,49,17,42,13,40
20,41,17,18,22,33,49,37
44,28,17,21,24,17,11,16
22,26,28,36,35,14,31,28
12,43,10,46,20,24,14,14
39,22,28,12,34,46,34,12
12,18,25,25,47,45,47,11
27,43,11,36,37,24,24,25
30,24,27,19,29,46,38,44
20,31,42,39,37,31,45,15
23,30,44,12,14,31,25,48
28,20,50,41,41,24,33,42
46,22,50,14,13,50,27,47
27,16,36,36,32,22,47,13
17,13,38,24,45,31,15,26
13,41,17,41,32,29,16,17
20,25,34,18,44,35,29,28
24,17,11,35,39,39,15,22
39,21,20,50,46,43,33,26
28,13,39,46,30,22,15,47
43,40,33,31,17,12,19,42
38,24,16,30,35,21,36,29
44,20,42,20,11,16,22,44
10,25,18,22,44,28,45,46
39,49,27,34,42,43,29,30
11,42,17,17,19,13,37,16
15,14,33,12,25,39,26,20
39,15,32,24,37,20,24,16
12,43,10,50,48,14,34,25
36,22,50,50,45,35,17,22
36,47,23,43,33,17,25,40
34,39,11,31,40,27,20,38