6 5 100
number of machines at each stage in each factory:
4,5,1,2,4
1,1,2,5,5
2,3,5,3,5
4,5,3,5,3
5,2,2,1,2
2,2,2,1,5
speed of each machine:
1.4,1.4,1.1,1.0
1.3,1.3,1.2,1.1,1.1
1.1
1.3,1.1
1.2,1.0,1.5,1.1
1.0
1.3
1.3,1.5
1.0,1.1,1.4,1.0,1.4
1.3,1.2,1.4,1.2,1.3
1.3,1.2
1.3,1.3,1.2
1.4,1.4,1.0,1.2,1.0
1.4,1.0,1.2
1.4,1.4,1.2,1.4,1.1
1.3,1.0,1.4,1.2
1.2,1.1,1.4,1.3,1.0
1.2,1.4,1.1
1.3,1.1,1.0,1.3,1.1
1.2,1.1,1.3
1.1,1.5,1.1,1.1,1.0
1.3,1.2
1.4,1.3
1.2
1.4,1.3
1.1,1.2
1.1,1.5
1.1,1.1
1.3
1.3,1.1,1.1,1.3,1.1
power consumption of each machine:
9,6,8,6
6,7,10,6,5
5
5,8
8,7,8,9
9
9
6,7
9,10,8,9,9
5,8,7,9,10
8,9
10,10,7
7,5,10,6,9
6,8,8
5,7,9,5,7
9,8,9,8
10,10,9,7,7
9,6,7
6,6,5,10,10
9,9,7
6,9,5,5,8
7,9
6,7
10
7,8
9,9
8,5
7,7
7
5,9,10,6,10
standom processing time of each job at each stage:
50,21,32,16,42
24,46,33,21,45
42,37,48,10,32
43,16,46,28,37
38,47,48,40,17
31,26,49,39,21
24,50,40,18,50
40,33,12,38,10
49,22,27,43,20
38,21,15,27,15
32,24,33,27,20
18,29,22,35,23
26,14,34,37,14
13,22,12,22,42
42,25,46,20,22
28,40,15,26,41
42,41,45,34,25
31,29,23,43,14
49,13,44,44,24
28,48,48,27,15
48,37,18,50,15
15,17,24,47,24
43,37,23,40,19
13,13,13,43,45
26,38,47,10,47
39,28,24,49,16
38,20,42,39,28
46,39,49,38,39
49,36,37,22,27
17,37,17,29,42
22,48,42,40,32
15,37,41,32,22
32,48,28,39,39
28,41,44,29,39
32,25,17,38,29
37,29,25,16,34
32,21,47,11,39
25,44,32,32,49
28,50,26,27,34
48,10,43,28,17
24,46,36,42,11
34,32,44,40,31
14,13,28,43,21
21,22,14,10,35
50,17,17,43,17
44,14,15,49,22
42,31,38,17,38
35,43,11,23,48
31,37,48,30,43
11,41,48,38,21
45,41,12,13,42
20,42,43,15,10
47,18,34,26,42
42,34,31,37,45
14,42,34,48,35
42,50,43,16,11
41,17,23,13,38
25,39,12,29,42
28,50,44,40,42
29,30,50,14,19
10,36,31,20,31
43,48,47,49,43
41,17,15,16,33
32,49,41,47,48
33,38,46,12,20
30,10,26,40,13
24,15,20,37,43
18,14,49,42,43
17,43,24,23,31
46,22,36,28,47
45,22,45,35,47
11,10,25,38,50
16,42,36,30,48
11,26,35,29,40
10,31,43,11,35
48,22,28,23,23
34,36,29,49,44
25,47,48,42,46
44,11,42,40,47
17,42,15,11,43
40,28,27,28,41
17,31,28,37,19
14,23,33,41,47
10,28,41,11,30
24,14,35,29,37
38,18,22,21,18
20,33,34,35,28
28,15,31,19,23
28,33,41,43,24
50,18,11,32,12
32,11,18,17,33
23,10,49,13,20
44,43,21,12,20
37,15,36,13,41
21,13,11,23,27
18,48,14,16,22
19,15,25,30,41
36,17,12,42,21
28,10,47,19,36
30,25,11,15,12