6 2 50
number of machines at each stage in each factory:
4,5
2,2
3,1
4,1
1,5
2,4
speed of each machine:
1.3,1.2,1.3,1.3
1.4,1.3,1.2,1.1,1.5
1.2,1.1
1.2,1.0
1.2,1.5,1.0
1.4
1.4,1.3,1.0,1.3
1.0
1.0
1.1,1.3,1.1,1.4,1.5
1.5,1.2
1.2,1.0,1.0,1.2
power consumption of each machine:
8,7,5,5
9,8,9,8,5
6,5
10,7
6,10,9
6
5,5,9,5
6
10
7,9,7,10,7
5,9
6,10,8,8
standom processing time of each job at each stage:
14,50
14,32
50,44
13,47
39,20
45,35
16,36
22,20
38,22
32,37
27,27
19,29
38,42
44,34
10,27
44,49
22,31
43,11
16,50
34,42
31,46
18,27
32,10
16,30
15,49
11,27
24,43
28,29
48,25
29,24
30,26
30,33
16,33
18,16
36,28
23,11
47,21
23,14
30,36
31,31
22,36
21,48
30,17
38,41
39,29
41,11
14,39
12,40
19,39
45,44