6 8 100
number of machines at each stage in each factory:
5,1,5,4,2,4,5,4
1,2,1,1,2,1,1,2
1,4,3,1,5,1,4,1
2,4,2,5,5,3,3,4
2,3,2,5,4,5,2,1
4,4,5,1,3,2,2,1
speed of each machine:
1.3,1.3,1.1,1.4,1.4
1.1
1.2,1.0,1.3,1.2,1.3
1.1,1.1,1.5,1.1
1.2,1.3
1.5,1.1,1.2,1.1
1.4,1.3,1.4,1.4,1.3
1.3,1.4,1.1,1.4
1.4
1.1,1.3
1.4
1.2
1.2,1.1
1.4
1.3
1.1,1.5
1.3
1.3,1.3,1.3,1.4
1.4,1.4,1.1
1.4
1.2,1.4,1.3,1.0,1.4
1.4
1.4,1.0,1.1,1.4
1.2
1.3,1.2
1.2,1.2,1.2,1.3
1.3,1.1
1.0,1.2,1.2,1.4,1.4
1.2,1.5,1.5,1.2,1.5
1.0,1.4,1.3
1.1,1.0,1.4
1.4,1.4,1.4,1.1
1.2,1.2
1.4,1.1,1.4
1.5,1.2
1.2,1.3,1.0,1.0,1.2
1.1,1.4,1.3,1.3
1.2,1.2,1.4,1.4,1.4
1.3,1.0
1.3
1.5,1.4,1.2,1.0
1.4,1.1,1.4,1.2
1.1,1.2,1.1,1.5,1.2
1.1
1.4,1.1,1.0
1.4,1.4
1.5,1.3
1.3
power consumption of each machine:
6,8,5,8,5
6
5,9,5,5,8
10,5,8,6
8,10
9,7,7,6
10,7,7,7,8
8,9,6,7
9
6,10
5
9
5,8
5
10
10,8
10
10,6,6,5
9,10,8
8
6,6,6,7,10
10
7,7,9,10
9
10,5
7,5,8,7
10,5
9,5,9,10,8
6,8,6,9,9
10,5,9
5,10,6
5,10,7,7
9,10
10,5,6
8,10
10,6,9,5,10
9,9,9,6
5,10,5,9,7
7,9
6
5,7,8,8
10,5,9,6
10,8,5,5,6
10
9,5,9
9,10
5,9
5
standom processing time of each job at each stage:
49,19,35,45,16,42,49,41
40,16,50,21,47,39,14,15
30,31,29,43,46,32,45,49
11,30,35,25,30,14,38,10
14,23,35,29,29,22,19,37
22,20,18,45,33,22,33,34
45,34,15,33,36,33,26,12
32,29,35,11,40,28,16,50
23,41,40,17,37,22,44,49
15,26,38,31,47,28,47,21
41,29,34,17,21,49,33,16
34,14,29,13,39,26,21,31
42,19,26,39,26,48,48,39
42,50,18,29,26,33,18,21
28,33,15,24,36,30,29,19
42,48,15,29,20,14,43,21
46,31,13,26,46,45,49,31
15,34,35,30,47,27,13,25
33,31,32,34,21,37,11,27
36,31,34,39,49,20,18,49
36,47,49,46,24,14,38,35
15,19,39,46,30,40,42,30
15,46,32,13,13,39,19,28
42,36,50,16,14,24,17,21
36,49,43,32,46,27,17,21
20,47,36,47,17,26,35,28
28,27,36,21,10,45,36,19
43,48,35,25,30,29,15,14
13,30,31,17,12,45,25,46
13,10,23,33,27,21,21,15
48,43,34,17,35,24,34,49
21,22,36,39,36,36,19,50
41,17,14,31,13,41,45,44
20,13,31,18,18,23,31,14
16,24,38,24,10,37,32,19
40,43,18,22,49,50,29,46
17,32,24,42,15,14,42,44
29,17,40,10,35,35,12,34
43,21,12,13,37,27,49,29
47,12,17,14,44,25,26,13
24,39,49,12,25,24,27,49
16,36,46,16,45,22,17,38
38,41,41,50,45,40,49,18
24,47,19,14,25,47,22,25
26,20,20,37,32,13,37,21
18,11,12,30,42,28,44,31
44,34,26,40,42,11,12,50
21,33,17,11,36,12,35,30
36,25,50,35,21,20,45,18
18,48,11,45,27,31,46,39
29,13,30,26,44,18,20,30
12,24,26,18,30,33,38,17
40,26,49,26,25,46,35,34
45,19,43,42,29,45,46,35
36,21,31,26,24,43,40,14
40,12,21,50,31,11,35,47
12,11,17,45,27,31,49,29
11,29,34,24,48,37,41,39
18,42,47,33,12,25,27,49
42,47,19,19,40,42,42,11
48,11,40,19,48,19,42,44
42,44,13,33,30,11,26,18
35,25,33,36,17,43,46,15
42,41,13,19,21,21,45,36
26,43,25,48,34,34,15,14
27,47,29,40,46,34,26,12
12,12,20,18,18,17,27,38
14,34,30,34,14,46,26,48
44,20,37,15,47,36,46,41
40,46,19,40,34,37,19,19
44,13,47,19,23,39,15,38
24,21,23,49,45,36,23,21
24,42,47,30,25,45,40,37
12,35,15,50,30,48,22,22
30,14,16,11,37,34,33,27
20,45,23,45,38,14,15,25
46,11,27,20,27,45,20,24
45,12,24,40,16,39,48,17
37,47,41,25,15,19,38,15
23,38,35,29,23,17,28,38
19,12,35,13,31,17,38,26
11,26,45,31,27,37,20,44
18,21,26,13,21,49,32,33
11,24,49,20,21,40,34,28
41,21,26,44,38,26,17,16
45,39,49,30,31,36,27,37
27,17,28,35,15,46,23,11
16,23,13,42,24,25,21,35
15,21,21,35,14,20,31,37
44,34,43,46,37,38,37,38
25,33,26,41,29,42,36,29
15,22,28,45,30,39,10,36
10,25,47,43,13,40,33,36
36,43,23,41,47,17,32,37
17,12,25,10,32,29,13,11
14,12,38,33,43,21,43,36
12,48,44,18,25,17,26,45
18,48,30,21,16,33,35,27
25,32,31,15,17,35,11,47
40,23,27,19,50,39,45,27