6 5 100
number of machines at each stage in each factory:
5,1,4,2,5
4,1,3,2,1
4,2,5,1,5
4,1,3,1,3
5,1,5,3,1
2,1,4,4,4
speed of each machine:
1.4,1.2,1.5,1.4,1.5
1.1
1.5,1.1,1.1,1.4
1.4,1.2
1.2,1.2,1.4,1.1,1.3
1.4,1.5,1.0,1.3
1.2
1.1,1.1,1.2
1.4,1.1
1.1
1.1,1.1,1.1,1.4
1.3,1.2
1.2,1.5,1.1,1.1,1.3
1.2
1.1,1.2,1.3,1.0,1.3
1.0,1.4,1.4,1.1
1.5
1.3,1.1,1.3
1.2
1.3,1.3,1.4
1.4,1.2,1.0,1.4,1.3
1.5
1.4,1.4,1.4,1.4,1.4
1.3,1.4,1.3
1.1
1.4,1.0
1.3
1.2,1.3,1.2,1.5
1.4,1.0,1.1,1.2
1.2,1.3,1.0,1.3
power consumption of each machine:
7,10,10,10,9
9
9,10,8,5
8,7
5,6,8,7,9
6,6,6,9
10
8,9,10
6,5
5
10,9,7,5
6,8
7,8,9,5,5
10
7,6,9,5,10
10,7,8,8
5
9,9,9
5
9,10,8
6,7,8,10,10
10
9,6,9,9,7
7,7,10
9
7,6
9
9,6,9,9
6,9,6,7
9,8,5,9
standom processing time of each job at each stage:
38,29,35,44,18
49,46,41,47,37
45,39,23,25,33
19,23,29,11,47
41,32,33,10,34
22,15,38,39,17
21,26,19,15,27
38,39,22,26,29
25,16,17,29,20
24,50,35,46,49
38,27,29,39,15
50,42,33,21,11
42,25,39,30,41
22,44,35,18,36
38,29,40,33,28
46,21,13,38,11
39,27,19,22,20
21,21,39,38,30
33,39,42,43,28
21,32,36,28,36
41,13,30,50,25
38,47,37,45,16
34,14,49,48,20
21,32,14,38,14
49,49,29,48,30
31,16,13,20,16
13,25,41,26,21
36,38,44,22,37
25,23,16,19,22
17,25,13,25,22
10,42,47,48,12
29,41,22,44,44
40,43,31,43,32
39,16,27,23,46
11,28,22,43,49
16,20,20,22,10
31,34,46,37,16
33,43,27,11,33
28,47,22,36,19
20,32,15,43,45
13,10,18,32,47
33,24,12,50,41
12,14,15,17,40
46,42,17,28,26
42,31,29,17,36
39,19,33,30,23
33,34,48,11,19
16,18,43,33,30
32,45,12,17,27
26,46,45,14,48
28,16,30,45,10
20,21,33,20,37
49,31,37,28,46
16,41,38,29,45
35,17,28,18,39
39,26,31,24,12
44,25,22,38,14
32,23,30,30,45
10,18,13,24,11
35,33,47,35,50
11,33,29,19,12
36,28,13,34,13
25,26,30,14,45
35,47,43,31,17
17,12,13,29,18
45,30,28,18,24
10,27,19,23,37
14,49,45,27,20
47,23,18,32,39
33,33,28,43,48
32,38,28,43,46
15,27,37,16,18
32,26,24,41,20
12,19,48,35,43
42,41,32,36,25
26,35,25,32,18
43,48,38,41,26
40,35,39,44,15
31,42,47,32,23
35,31,31,16,12
45,28,36,14,37
22,15,20,49,45
45,27,23,33,23
48,35,37,48,41
45,22,40,27,27
13,43,48,39,34
45,43,41,31,39
27,28,49,49,13
12,49,25,15,45
17,37,26,12,15
50,25,16,13,10
50,18,19,16,10
49,49,30,12,17
44,39,41,16,13
24,19,24,10,22
33,22,17,40,11
40,39,44,21,45
39,43,21,43,47
15,34,13,41,29
23,17,23,31,22