6 5 50
number of machines at each stage in each factory:
4,5,2,2,3
1,4,1,1,5
2,4,3,4,5
2,3,4,3,1
2,4,5,4,3
2,3,3,2,2
speed of each machine:
1.0,1.1,1.2,1.4
1.5,1.0,1.2,1.2,1.4
1.5,1.2
1.3,1.0
1.2,1.4,1.5
1.2
1.3,1.1,1.4,1.5
1.2
1.0
1.3,1.3,1.4,1.2,1.2
1.4,1.3
1.4,1.4,1.1,1.1
1.2,1.3,1.4
1.4,1.1,1.3,1.3
1.4,1.1,1.1,1.3,1.0
1.4,1.3
1.4,1.4,1.1
1.4,1.0,1.3,1.2
1.5,1.4,1.1
1.2
1.3,1.3
1.4,1.0,1.2,1.4
1.2,1.1,1.0,1.1,1.3
1.3,1.3,1.1,1.4
1.2,1.4,1.4
1.1,1.1
1.3,1.2,1.3
1.2,1.1,1.2
1.0,1.1
1.2,1.5
power consumption of each machine:
7,5,10,8
9,10,8,7,6
10,8
9,10
9,8,9
6
7,8,8,7
9
9
6,10,9,10,5
8,7
8,10,8,7
10,8,6
10,5,6,9
10,6,9,10,6
9,7
5,8,5
10,7,6,6
8,5,10
7
6,5
6,7,8,10
10,9,9,9,6
10,10,8,8
8,5,10
10,6
6,10,5
6,8,9
10,9
10,5
standom processing time of each job at each stage:
44,41,26,17,13
20,21,20,49,20
31,15,30,38,11
36,26,11,27,20
18,47,45,46,14
14,42,48,44,24
36,16,25,41,43
43,23,43,19,14
25,16,50,48,43
13,21,11,33,11
43,19,46,48,21
20,34,28,39,42
17,33,23,32,50
38,46,36,43,20
28,45,21,28,12
11,13,49,24,27
14,32,31,21,21
14,48,48,17,42
49,24,12,22,16
41,33,13,46,38
43,15,37,29,15
23,48,46,43,10
35,32,25,41,50
28,13,36,32,11
44,10,42,43,32
50,40,23,35,30
48,36,44,18,32
36,45,23,40,22
16,37,11,28,19
31,41,16,44,15
45,26,29,17,45
23,42,28,31,21
40,25,14,24,26
27,45,42,27,50
49,22,25,13,22
32,46,26,37,19
37,20,27,12,29
20,15,17,32,21
10,41,10,29,11
30,19,48,31,34
26,43,42,25,19
14,42,21,20,11
11,27,24,49,43
32,31,42,32,13
14,22,19,37,17
48,40,25,19,10
15,35,29,15,30
12,33,16,28,15
47,47,43,16,18
21,18,34,23,12