6 5 50
number of machines at each stage in each factory:
4,5,2,4,3
1,2,5,4,4
1,5,3,4,1
5,5,2,5,3
4,5,2,4,3
5,4,5,1,4
speed of each machine:
1.3,1.1,1.4,1.1
1.3,1.3,1.1,1.5,1.4
1.4,1.4
1.3,1.3,1.3,1.1
1.5,1.1,1.3
1.4
1.5,1.0
1.3,1.4,1.1,1.1,1.2
1.1,1.5,1.4,1.1
1.1,1.2,1.3,1.2
1.5
1.3,1.0,1.3,1.1,1.3
1.4,1.3,1.2
1.5,1.2,1.3,1.2
1.2
1.4,1.3,1.2,1.3,1.1
1.3,1.1,1.3,1.4,1.2
1.0,1.1
1.4,1.1,1.1,1.4,1.3
1.5,1.0,1.2
1.4,1.4,1.2,1.2
1.4,1.2,1.4,1.5,1.2
1.2,1.2
1.4,1.1,1.4,1.2
1.4,1.4,1.5
1.1,1.4,1.0,1.1,1.0
1.1,1.5,1.2,1.3
1.5,1.4,1.4,1.1,1.5
1.1
1.2,1.5,1.1,1.2
power consumption of each machine:
10,8,8,7
8,5,8,9,10
7,5
6,6,7,10
9,8,6
10
6,10
7,6,9,10,6
8,6,8,8
5,10,6,5
8
5,7,5,6,5
5,10,6
9,9,5,8
10
6,5,10,10,6
6,10,10,7,8
7,7
9,10,7,8,8
6,10,5
6,8,9,7
9,9,6,6,8
6,10
10,7,10,6
5,8,7
8,8,5,7,10
5,8,5,9
5,8,6,5,9
7
10,7,9,8
standom processing time of each job at each stage:
24,19,24,10,22
33,22,17,40,11
40,39,44,21,45
39,43,21,43,47
15,34,13,41,29
23,17,23,31,22
17,43,43,36,37
28,17,10,42,17
19,24,37,41,21
18,20,10,29,37
41,24,36,36,10
27,40,22,21,46
32,34,21,46,45
46,11,13,11,32
42,34,26,18,20
28,43,31,47,43
10,44,22,50,41
24,40,22,23,21
44,12,34,25,25
36,43,33,22,39
17,28,49,24,34
11,26,44,50,49
17,22,21,24,36
49,11,36,16,20
22,33,36,10,25
23,31,26,50,39
24,28,41,39,36
24,22,47,44,10
36,26,46,24,26
22,37,48,15,21
14,23,42,43,39
19,34,50,11,23
32,12,30,10,33
31,40,18,37,49
47,43,14,22,44
36,17,13,47,28
11,22,47,37,33
32,34,39,42,47
44,39,11,27,34
28,33,44,27,36
26,31,33,34,37
10,39,22,46,19
28,13,46,18,13
14,27,43,19,12
17,46,45,47,21
10,47,47,16,17
33,26,35,10,15
10,44,30,26,28
43,49,45,44,38
37,17,13,35,11