6 2 50
number of machines at each stage in each factory:
3,2
1,1
3,2
3,5
2,1
5,3
speed of each machine:
1.0,1.3,1.2
1.4,1.3
1.0
1.0
1.4,1.4,1.1
1.1,1.1
1.3,1.1,1.1
1.2,1.2,1.0,1.1,1.0
1.5,1.1
1.3
1.2,1.5,1.2,1.4,1.4
1.3,1.3,1.0
power consumption of each machine:
9,7,6
9,8
5
9
5,5,6
6,8
8,7,6
7,7,6,9,9
8,8
6
5,7,10,10,9
10,7,8
standom processing time of each job at each stage:
32,38
22,26
22,22
37,50
48,25
36,17
37,35
23,14
50,13
22,42
36,16
27,45
27,25
25,45
44,38
22,36
12,33
25,31
47,36
19,35
18,39
30,12
28,11
29,41
30,33
29,50
47,24
23,47
14,29
25,47
40,39
26,47
39,12
38,42
41,15
50,15
17,18
41,26
29,17
30,49
17,21
27,13
49,22
47,40
11,41
15,38
37,35
13,25
38,26
19,33