6 8 20
number of machines at each stage in each factory:
4,1,2,1,5,4,1,1
5,2,1,4,5,4,2,5
3,2,2,3,2,2,2,3
1,3,1,1,5,5,2,4
4,3,5,2,4,4,3,2
5,5,4,4,4,5,2,4
speed of each machine:
1.0,1.4,1.3,1.1
1.3
1.3,1.1
1.2
1.2,1.2,1.2,1.1,1.4
1.5,1.3,1.2,1.3
1.1
1.1
1.5,1.0,1.4,1.5,1.2
1.2,1.4
1.2
1.2,1.5,1.3,1.2
1.1,1.4,1.3,1.4,1.5
1.3,1.3,1.1,1.3
1.4,1.1
1.5,1.4,1.1,1.1,1.3
1.5,1.5,1.1
1.2,1.3
1.1,1.2
1.4,1.4,1.0
1.4,1.5
1.1,1.3
1.1,1.1
1.5,1.4,1.2
1.4
1.2,1.5,1.4
1.3
1.4
1.0,1.1,1.1,1.1,1.2
1.2,1.3,1.2,1.4,1.2
1.4,1.0
1.2,1.1,1.1,1.3
1.2,1.4,1.1,1.3
1.2,1.4,1.2
1.0,1.3,1.4,1.3,1.4
1.3,1.4
1.3,1.4,1.2,1.4
1.2,1.5,1.3,1.1
1.3,1.1,1.1
1.2,1.3
1.5,1.4,1.5,1.5,1.5
1.1,1.0,1.1,1.0,1.1
1.4,1.5,1.4,1.0
1.4,1.2,1.4,1.5
1.1,1.2,1.5,1.0
1.2,1.4,1.4,1.1,1.1
1.5,1.3
1.2,1.2,1.0,1.0
power consumption of each machine:
8,6,6,10
6
7,7
10
5,6,7,6,7
5,6,6,10
6
9
9,10,6,7,10
10,7
7
7,6,10,10
5,8,8,6,10
10,7,5,10
10,5
9,9,5,8,6
6,6,6
9,10
10,7
7,7,7
10,8
10,8
5,6
9,6,9
7
8,7,5
7
8
8,9,7,8,6
6,5,9,6,10
10,6
7,9,5,8
8,6,5,7
6,6,7
8,9,6,6,6
8,5
6,7,8,7
7,10,5,6
8,6,5
10,9
10,6,9,10,6
8,7,9,5,7
9,5,8,7
10,10,6,6
9,10,10,5
9,6,10,8,8
7,10
6,6,10,7
standom processing time of each job at each stage:
28,22,50,46,17,34,24,45
20,40,34,38,22,44,39,35
42,37,45,35,30,40,48,19
22,15,10,43,19,25,28,26
13,31,13,12,38,29,46,14
43,37,18,42,36,35,20,26
32,14,13,46,31,26,11,42
37,18,41,19,41,32,13,50
47,16,39,40,36,39,47,26
17,22,16,45,19,18,50,32
43,50,17,35,46,42,46,32
18,26,21,33,15,10,29,28
45,24,28,25,39,40,24,42
37,23,37,46,16,10,37,34
30,13,33,31,27,47,49,24
46,10,37,35,44,17,18,14
17,17,14,48,50,47,29,35
28,39,29,49,39,28,46,10
50,45,22,35,27,41,45,17
20,17,26,11,44,30,16,26