6 8 20
number of machines at each stage in each factory:
1,1,4,3,4,1,3,2
4,3,5,5,5,4,5,3
4,4,3,2,3,5,4,1
5,4,2,3,1,5,5,3
5,3,2,1,3,3,2,1
2,1,3,2,2,2,5,3
speed of each machine:
1.3
1.4
1.4,1.5,1.4,1.3
1.4,1.2,1.4
1.4,1.4,1.2,1.5
1.2
1.4,1.3,1.3
1.0,1.4
1.4,1.2,1.3,1.4
1.4,1.2,1.3
1.5,1.3,1.5,1.4,1.1
1.4,1.3,1.4,1.3,1.5
1.3,1.2,1.2,1.3,1.1
1.2,1.1,1.4,1.4
1.4,1.5,1.5,1.5,1.0
1.4,1.4,1.4
1.2,1.1,1.5,1.2
1.1,1.0,1.0,1.1
1.4,1.4,1.3
1.4,1.1
1.1,1.1,1.4
1.3,1.1,1.4,1.3,1.0
1.0,1.5,1.2,1.5
1.0
1.1,1.0,1.2,1.3,1.5
1.2,1.2,1.4,1.2
1.4,1.2
1.0,1.2,1.0
1.3
1.1,1.4,1.2,1.1,1.4
1.3,1.2,1.4,1.0,1.0
1.3,1.3,1.4
1.2,1.5,1.4,1.2,1.2
1.3,1.2,1.4
1.2,1.3
1.1
1.2,1.4,1.2
1.4,1.5,1.4
1.5,1.0
1.1
1.2,1.5
1.3
1.1,1.1,1.4
1.4,1.5
1.4,1.4
1.2,1.0
1.1,1.4,1.1,1.4,1.1
1.2,1.3,1.2
power consumption of each machine:
5
7
9,9,5,7
6,5,10
8,10,5,6
7
6,5,7
6,6
6,8,5,8
6,9,10
5,5,8,9,9
10,10,6,7,7
6,5,8,8,8
5,7,9,7
6,5,8,10,10
10,6,8
6,5,7,8
8,7,9,6
9,10,6
10,6
6,9,5
7,6,7,6,6
8,6,7,7
5
6,10,5,10,7
7,8,7,6
9,7
6,6,8
5
10,10,5,6,7
10,6,9,6,8
10,10,7
10,8,8,9,9
10,5,8
5,6
10
6,5,6
7,5,6
10,9
7
5,7
10
9,6,8
5,7
6,10
7,9
6,8,8,5,9
9,5,7
standom processing time of each job at each stage:
38,36,22,50,41,34,34,16
31,50,25,30,43,43,22,28
17,32,50,36,19,48,49,49
13,21,39,39,37,20,34,46
35,36,30,42,14,28,36,43
10,26,50,43,22,13,26,12
18,35,42,28,49,50,12,38
44,34,45,10,36,11,17,34
26,49,36,37,21,44,45,23
38,28,29,29,20,31,17,22
36,22,33,35,16,45,14,37
18,13,16,31,11,23,50,44
39,20,38,16,21,32,38,20
40,22,44,26,35,47,26,31
25,45,12,31,32,25,28,42
20,36,32,36,32,33,45,18
28,18,38,38,37,24,29,18
34,12,41,39,38,36,22,18
20,19,39,15,31,22,23,29
20,47,20,29,49,23,17,10