6 2 20
number of machines at each stage in each factory:
4,5
5,1
2,2
4,3
1,3
3,4
speed of each machine:
1.2,1.2,1.1,1.4
1.0,1.3,1.5,1.4,1.4
1.1,1.3,1.1,1.5,1.3
1.1
1.3,1.2
1.2,1.0
1.4,1.2,1.3,1.3
1.2,1.2,1.0
1.1
1.1,1.2,1.5
1.4,1.1,1.2
1.4,1.4,1.2,1.2
power consumption of each machine:
9,10,8,9
5,8,9,7,7
5,5,6,7,8
10
10,8
10,7
10,6,6,5
9,10,8
8
6,6,6
10,10,6
7,7,9,10
standom processing time of each job at each stage:
43,34
29,34
13,41
28,10
20,15
42,30
45,49
31,24
33,24
23,50
46,12
49,34
47,35
19,43
34,31
28,46
14,32
43,34
12,39
10,41