6 2 20
number of machines at each stage in each factory:
4,5
1,2
4,1
1,2
5,5
2,3
speed of each machine:
1.4,1.2,1.3,1.2
1.3,1.5,1.2,1.2,1.5
1.4
1.4,1.4
1.3,1.3,1.3,1.2
1.1
1.3
1.0,1.2
1.3,1.0,1.5,1.5,1.1
1.3,1.3,1.3,1.5,1.1
1.1,1.3
1.4,1.0,1.1
power consumption of each machine:
8,10,5,8
8,9,9,10,9
6
10,7
5,7,9,9
9
7
9,7
7,7,5,10,6
7,9,5,10,10
6,7
7,5,10
standom processing time of each job at each stage:
31,49
42,29
35,24
23,30
16,23
25,34
19,12
17,15
46,47
31,50
23,37
23,50
24,33
26,38
13,12
24,10
39,21
45,39
43,12
30,29