6 8 100
number of machines at each stage in each factory:
3,1,2,4,1,1,1,4
3,4,2,2,3,1,5,5
1,3,2,3,3,3,5,2
4,3,1,2,3,1,4,1
4,2,4,1,5,2,5,5
1,1,2,3,5,1,1,2
speed of each machine:
1.0,1.2,1.3
1.1
1.2,1.0
1.3,1.2,1.2,1.3
1.4
1.4
1.2
1.5,1.1,1.5,1.1
1.5,1.3,1.4
1.3,1.2,1.2,1.3
1.4,1.3
1.4,1.4
1.3,1.4,1.1
1.4
1.1,1.1,1.4,1.3,1.3
1.2,1.3,1.1,1.0,1.5
1.1
1.4,1.1,1.5
1.2,1.1
1.5,1.5,1.1
1.2,1.3,1.4
1.0,1.2,1.3
1.2,1.3,1.3,1.2,1.4
1.2,1.4
1.1,1.4,1.2,1.1
1.4,1.1,1.3
1.2
1.2,1.3
1.2,1.1,1.2
1.4
1.2,1.4,1.2,1.2
1.2
1.4,1.2,1.1,1.1
1.1,1.5
1.1,1.2,1.2,1.4
1.3
1.1,1.5,1.1,1.0,1.1
1.5,1.2
1.4,1.2,1.4,1.4,1.3
1.4,1.3,1.3,1.0,1.3
1.1
1.3
1.4,1.3
1.3,1.5,1.2
1.4,1.4,1.1,1.4,1.4
1.3
1.0
1.3,1.5
power consumption of each machine:
8,6,9
10
5,9
8,10,9,9
10
9
6
10,9,5,6
7,7,6
8,9,9,8
5,5
6,5
7,5,9
5
5,9,9,9,10
5,10,7,7,7
7
10,10,6
8,10
6,6,9
10,10,5
9,10,8
10,10,5,8,5
6,10
5,5,8,5
10,9,5
5
10,8
8,10,7
8
7,6,6,5
5
10,7,8,6
8,5
8,8,9,7
9
8,5,8,6,5
6,8
7,10,5,6,9
5,9,9,9,6
8
9
6,9
7,5,7
8,6,5,9,5
10
6
9,7
standom processing time of each job at each stage:
23,47,43,25,27,23,14,42
32,35,23,12,27,40,41,48
34,45,28,20,35,47,45,32
45,28,35,21,22,29,13,43
38,24,29,48,18,25,24,42
10,31,46,33,23,23,39,43
20,30,41,32,21,37,48,27
48,15,22,13,28,41,13,30
37,34,22,41,14,44,32,44
35,24,10,34,41,37,49,38
12,48,43,25,16,31,17,10
23,32,45,20,11,28,21,31
45,36,28,43,45,16,31,26
33,28,25,19,23,32,37,22
23,44,14,29,14,28,37,29
45,48,33,43,14,16,48,23
35,41,24,32,25,19,24,28
23,46,35,47,36,25,13,18
35,13,25,48,48,21,23,13
36,27,10,15,38,23,34,48
29,22,17,25,44,19,10,41
10,43,30,12,26,18,30,22
14,35,26,32,49,47,32,15
47,11,10,35,19,36,35,26
19,37,15,45,17,44,32,23
22,11,15,40,50,18,19,40
38,15,44,23,11,45,50,13
25,20,49,32,38,47,21,18
41,30,27,27,43,13,44,20
49,23,18,42,48,30,12,43
49,40,50,48,35,37,35,38
32,43,22,21,32,17,17,34
17,24,25,31,12,25,46,27
36,32,31,43,35,44,33,23
29,24,20,13,10,24,34,24
19,21,16,10,24,49,22,38
17,50,10,22,27,12,29,24
23,49,42,49,39,23,38,28
42,49,32,48,19,32,35,38
49,38,50,23,45,21,24,49
22,12,15,24,17,27,30,24
40,27,14,15,33,48,18,10
26,38,30,45,39,13,43,28
48,37,16,41,44,27,23,45
10,27,11,21,44,26,41,23
14,33,23,29,35,14,18,26
26,18,11,11,36,43,18,20
24,10,24,20,32,23,40,40
15,16,40,27,41,25,24,36
26,20,13,28,28,44,12,31
14,37,48,24,12,33,30,36
50,31,46,50,19,22,38,19
47,19,37,49,34,21,24,19
25,50,36,19,38,49,29,36
31,37,50,24,48,32,23,33
45,14,11,50,20,32,17,44
10,33,28,41,12,13,41,24
46,48,35,40,29,44,13,41
45,38,46,28,13,45,24,49
10,44,28,34,31,17,17,35
36,47,12,46,16,33,26,24
24,10,49,45,43,16,15,42
20,25,20,18,43,45,14,25
21,13,42,25,23,50,10,36
45,46,28,41,24,12,50,47
37,43,44,20,27,50,21,38
32,17,49,50,20,44,28,26
23,21,46,36,19,28,27,10
15,32,21,19,21,12,40,29
49,37,40,23,41,11,28,35
36,15,21,37,40,42,18,34
26,37,42,45,21,16,42,49
40,46,21,19,20,35,35,33
37,27,20,41,40,25,47,18
16,43,32,28,35,29,47,48
46,28,18,29,10,38,40,16
29,34,39,31,34,40,42,49
10,48,10,15,38,15,13,49
42,44,36,25,32,20,48,11
18,25,15,18,17,34,12,42
20,27,48,43,48,34,45,41
37,16,22,42,40,49,36,33
40,18,24,50,13,25,11,42
45,33,44,38,19,43,34,43
27,20,47,26,27,44,25,18
42,30,40,28,29,33,16,38
19,13,36,22,17,28,48,16
38,24,41,17,46,34,50,32
28,37,32,29,11,16,28,39
35,31,13,38,32,17,45,38
16,36,20,29,50,13,39,23
44,11,50,20,24,11,47,33
33,38,24,10,12,19,45,30
41,50,15,27,25,10,16,12
47,28,36,26,22,50,13,22
40,42,21,37,27,48,41,48
27,43,40,45,14,17,50,38
21,45,21,33,21,32,12,18
38,44,18,10,46,46,37,32
44,40,16,48,34,10,39,37