6 5 20
number of machines at each stage in each factory:
5,2,4,4,5
2,1,2,3,3
1,5,1,5,1
4,3,4,5,5
1,1,1,4,1
3,1,2,5,2
speed of each machine:
1.2,1.2,1.2,1.1,1.1
1.2,1.3
1.2,1.5,1.1,1.1
1.3,1.2,1.1,1.5
1.2,1.5,1.4,1.2,1.2
1.3,1.3
1.3
1.2,1.5
1.4,1.1,1.2
1.4,1.3,1.0
1.2
1.5,1.1,1.3,1.4,1.2
1.1
1.1,1.1,1.2,1.2,1.1
1.1
1.2,1.2,1.2,1.5
1.0,1.4,1.3
1.5,1.1,1.4,1.2
1.1,1.4,1.3,1.2,1.4
1.3,1.2,1.0,1.3,1.2
1.1
1.3
1.5
1.2,1.4,1.2,1.2
1.4
1.3,1.2,1.0
1.0
1.0,1.2
1.2,1.1,1.5,1.4,1.2
1.3,1.2
power consumption of each machine:
8,9,10,8,6
10,9
6,7,7,5
8,6,5,9
5,10,7,9,9
9,9
5
10,10
7,9,10
5,10,8
9
9,7,10,6,6
8
9,5,9,6,10
7
10,8,10,10
8,10,7
6,5,9,7
8,8,6,7,5
5,10,5,9,6
7
6
5
7,9,7,5
9
7,10,7
6
6,6
9,7,9,10,8
8,10
standom processing time of each job at each stage:
47,33,15,34,21
36,44,26,29,44
20,14,13,14,50
17,12,49,20,18
39,14,10,33,30
39,41,32,40,10
44,30,25,30,27
20,10,10,44,45
38,45,31,48,34
32,33,38,21,21
32,38,46,12,39
49,18,48,36,27
26,17,14,13,33
38,46,41,50,31
10,38,17,36,15
22,11,31,35,35
31,48,47,35,14
39,32,42,32,44
20,23,45,43,48
49,26,14,33,10