6 8 50
number of machines at each stage in each factory:
3,2,1,1,3,2,3,5
2,1,5,3,5,3,5,4
1,2,1,3,1,2,3,3
1,1,4,3,2,1,5,4
3,4,3,2,3,2,1,2
2,2,4,1,5,3,4,4
speed of each machine:
1.2,1.3,1.4
1.3,1.3
1.4
1.1
1.5,1.2,1.2
1.4,1.3
1.4,1.4,1.3
1.3,1.1,1.3,1.2,1.4
1.0,1.1
1.4
1.3,1.1,1.2,1.4,1.2
1.1,1.2,1.2
1.1,1.2,1.2,1.5,1.5
1.3,1.0,1.4
1.2,1.0,1.3,1.1,1.4
1.4,1.2,1.5,1.1
1.2
1.0,1.0
1.3
1.4,1.0,1.0
1.2
1.3,1.1
1.0,1.1,1.4
1.4,1.4,1.3
1.2
1.5
1.3,1.4,1.4,1.3
1.1,1.1,1.2
1.1,1.2
1.2
1.4,1.2,1.5,1.1,1.2
1.4,1.2,1.4,1.4
1.1,1.0,1.4
1.1,1.1,1.2,1.1
1.1,1.3,1.5
1.0,1.3
1.3,1.4,1.5
1.5,1.2
1.4
1.1,1.1
1.2,1.3
1.1,1.5
1.3,1.0,1.4,1.2
1.2
1.1,1.2,1.1,1.0,1.3
1.2,1.4,1.1
1.0,1.2,1.3,1.1
1.3,1.2,1.4,1.4
power consumption of each machine:
6,9,9
10,10
10
5
8,6,6
10,7
8,8,9
5,9,10,9,7
7,5
8
7,10,9,5,9
10,10,8
7,9,6,7,8
9,9,10
6,10,6,6,9
8,7,7,10
5
5,5
10
8,6,5
6
8,8
8,8,5
7,10,10
6
9
10,8,10,10
5,8,5
5,7
6
8,8,5,9,7
7,5,9,10
7,10,6
10,10,7,9
10,6,6
9,7
6,7,10
7,6
8
7,10
9,9
9,6
5,10,6,7
9
6,10,5,6,8
9,8,5
5,5,8,5
5,5,10,5
standom processing time of each job at each stage:
26,31,16,15,25,28,11,10
40,45,26,41,12,34,32,37
28,39,15,40,18,21,31,49
32,14,43,17,14,47,19,17
45,40,47,38,29,49,16,18
42,24,50,31,20,36,11,34
17,41,42,29,26,19,39,38
48,32,36,25,16,28,18,38
17,50,19,41,26,13,18,36
17,28,33,47,12,11,31,25
40,42,21,24,17,38,35,31
42,28,32,21,43,18,50,27
27,12,17,27,44,14,47,14
21,15,43,22,11,46,18,23
24,40,23,43,24,19,30,46
49,30,38,19,44,16,17,14
46,18,50,20,38,16,21,24
31,39,39,10,15,21,24,23
33,28,44,24,29,27,30,20
17,33,44,15,35,40,23,20
32,26,25,11,23,48,48,32
31,32,43,25,31,30,29,19
46,23,42,36,15,16,11,19
47,39,28,38,44,41,37,15
25,46,12,17,45,21,24,13
37,41,28,45,20,13,19,23
20,49,50,49,13,10,40,17
26,20,44,21,42,45,29,16
11,32,14,23,37,48,46,39
33,20,31,44,29,12,40,23
31,12,28,13,16,47,35,42
15,21,17,27,35,21,13,21
37,19,26,12,28,35,27,30
41,32,33,47,43,19,28,11
38,30,49,19,46,29,28,34
11,28,50,30,44,30,19,20
50,26,39,50,21,50,29,38
50,33,17,39,36,28,42,19
34,42,45,11,29,39,39,35
35,27,50,24,36,16,15,40
18,49,16,39,32,13,24,14
33,31,10,14,24,36,42,15
39,42,23,43,14,23,38,25
37,18,24,14,32,14,12,29
43,23,36,14,36,11,20,27
49,45,24,49,34,23,33,19
49,35,31,45,21,50,31,30
15,45,42,10,13,14,40,36
41,26,36,49,46,50,23,35
17,42,33,37,12,11,22,22