6 8 100
number of machines at each stage in each factory:
1,1,4,3,4,1,3,2
4,3,5,5,5,4,5,3
4,4,3,2,3,5,4,1
5,4,2,3,1,5,5,3
5,3,2,1,3,3,2,1
2,1,3,2,2,2,5,3
speed of each machine:
1.3
1.4
1.4,1.5,1.4,1.3
1.4,1.2,1.4
1.4,1.4,1.2,1.5
1.2
1.4,1.3,1.3
1.0,1.4
1.4,1.2,1.3,1.4
1.4,1.2,1.3
1.5,1.3,1.5,1.4,1.1
1.4,1.3,1.4,1.3,1.5
1.3,1.2,1.2,1.3,1.1
1.2,1.1,1.4,1.4
1.4,1.5,1.5,1.5,1.0
1.4,1.4,1.4
1.2,1.1,1.5,1.2
1.1,1.0,1.0,1.1
1.4,1.4,1.3
1.4,1.1
1.1,1.1,1.4
1.3,1.1,1.4,1.3,1.0
1.0,1.5,1.2,1.5
1.0
1.1,1.0,1.2,1.3,1.5
1.2,1.2,1.4,1.2
1.4,1.2
1.0,1.2,1.0
1.3
1.1,1.4,1.2,1.1,1.4
1.3,1.2,1.4,1.0,1.0
1.3,1.3,1.4
1.2,1.5,1.4,1.2,1.2
1.3,1.2,1.4
1.2,1.3
1.1
1.2,1.4,1.2
1.4,1.5,1.4
1.5,1.0
1.1
1.2,1.5
1.3
1.1,1.1,1.4
1.4,1.5
1.4,1.4
1.2,1.0
1.1,1.4,1.1,1.4,1.1
1.2,1.3,1.2
power consumption of each machine:
5
7
9,9,5,7
6,5,10
8,10,5,6
7
6,5,7
6,6
6,8,5,8
6,9,10
5,5,8,9,9
10,10,6,7,7
6,5,8,8,8
5,7,9,7
6,5,8,10,10
10,6,8
6,5,7,8
8,7,9,6
9,10,6
10,6
6,9,5
7,6,7,6,6
8,6,7,7
5
6,10,5,10,7
7,8,7,6
9,7
6,6,8
5
10,10,5,6,7
10,6,9,6,8
10,10,7
10,8,8,9,9
10,5,8
5,6
10
6,5,6
7,5,6
10,9
7
5,7
10
9,6,8
5,7
6,10
7,9
6,8,8,5,9
9,5,7
standom processing time of each job at each stage:
38,36,22,50,41,34,34,16
31,50,25,30,43,43,22,28
17,32,50,36,19,48,49,49
13,21,39,39,37,20,34,46
35,36,30,42,14,28,36,43
10,26,50,43,22,13,26,12
18,35,42,28,49,50,12,38
44,34,45,10,36,11,17,34
26,49,36,37,21,44,45,23
38,28,29,29,20,31,17,22
36,22,33,35,16,45,14,37
18,13,16,31,11,23,50,44
39,20,38,16,21,32,38,20
40,22,44,26,35,47,26,31
25,45,12,31,32,25,28,42
20,36,32,36,32,33,45,18
28,18,38,38,37,24,29,18
34,12,41,39,38,36,22,18
20,19,39,15,31,22,23,29
20,47,20,29,49,23,17,10
42,23,34,26,33,42,11,16
15,49,15,12,19,45,27,38
29,40,43,24,13,29,21,23
15,30,21,12,20,44,22,15
40,20,15,34,44,21,10,21
37,27,20,46,37,16,18,16
29,49,29,35,26,44,41,10
27,11,32,43,31,49,43,43
35,48,37,12,23,19,12,17
11,50,44,37,40,28,38,28
35,24,32,32,49,26,11,49
16,35,45,48,47,24,44,11
16,21,36,26,33,27,47,26
38,40,30,36,42,39,10,37
28,37,33,16,37,39,11,42
17,45,46,32,38,25,25,38
20,26,11,48,25,17,32,40
33,23,30,36,19,14,22,18
35,49,21,16,10,21,28,15
49,29,16,47,39,34,39,28
11,33,30,50,23,10,45,20
47,10,45,42,40,22,12,28
12,42,31,41,43,49,36,18
32,35,14,10,28,23,20,18
32,20,31,15,41,23,47,31
26,38,10,29,45,19,38,29
41,33,38,10,21,16,36,21
24,33,26,41,21,37,26,18
35,49,47,41,48,43,33,11
39,50,25,17,11,33,46,42
21,37,20,46,13,26,46,18
18,40,39,11,38,33,43,25
21,19,19,41,31,22,46,24
36,21,43,22,37,38,22,11
32,33,31,31,50,27,39,14
35,46,38,49,20,47,31,33
37,20,12,44,33,17,16,38
47,46,26,37,14,33,50,21
19,49,24,12,29,35,18,45
35,17,13,50,17,35,11,42
40,25,30,15,28,20,48,45
14,34,13,48,40,25,38,45
26,43,23,14,35,49,37,28
39,42,18,11,27,16,42,48
23,11,14,19,35,37,38,14
17,19,33,36,21,11,38,41
25,42,40,50,12,39,33,47
31,38,42,16,31,44,23,11
13,13,46,20,41,15,43,48
31,21,43,43,17,40,15,34
18,24,13,20,42,30,28,35
10,21,47,21,39,46,23,38
30,30,43,48,16,25,16,29
48,45,27,31,31,30,29,37
23,23,18,28,44,11,12,13
30,10,34,30,31,20,48,10
15,19,20,43,40,38,28,42
31,46,46,37,45,41,23,44
31,23,10,10,49,10,11,33
36,33,43,30,21,34,22,43
39,37,29,29,34,35,13,38
40,31,45,33,14,23,22,37
43,47,16,16,49,16,21,26
40,11,43,27,10,13,10,42
44,46,26,28,30,49,31,20
10,18,41,23,47,50,45,32
29,44,33,31,46,16,39,45
12,26,43,33,44,32,27,20
25,30,19,12,44,19,40,13
29,37,48,22,16,48,31,13
11,16,38,27,34,21,48,50
17,12,20,25,12,16,45,47
27,12,20,10,39,31,24,16
43,32,32,13,35,12,49,39
38,37,39,19,13,14,29,21
49,49,41,17,43,48,43,28
14,14,24,28,35,39,48,28
21,28,44,37,40,38,40,21
35,12,15,19,23,27,16,10
46,30,11,14,15,41,34,29