6 5 100
number of machines at each stage in each factory:
3,2,4,5,3
3,1,2,2,4
2,3,2,5,5
2,1,3,5,5
4,3,3,2,3
4,2,5,1,3
speed of each machine:
1.2,1.3,1.2
1.1,1.1
1.4,1.4,1.4,1.4
1.4,1.2,1.4,1.2,1.2
1.4,1.2,1.5
1.3,1.0,1.4
1.1
1.3,1.3
1.4,1.2
1.5,1.3,1.3,1.2
1.2,1.1
1.3,1.3,1.0
1.1,1.2
1.3,1.1,1.2,1.1,1.4
1.5,1.0,1.4,1.2,1.2
1.3,1.2
1.1
1.4,1.4,1.2
1.3,1.3,1.5,1.3,1.1
1.2,1.5,1.1,1.4,1.2
1.1,1.4,1.2,1.0
1.4,1.5,1.0
1.4,1.0,1.4
1.0,1.3
1.4,1.2,1.3
1.3,1.2,1.1,1.1
1.3,1.3
1.3,1.4,1.1,1.4,1.2
1.3
1.5,1.1,1.0
power consumption of each machine:
10,8,9
5,10
5,8,9,9
5,10,10,5,10
9,5,7
6,10,7
8
5,10
10,7
7,7,7,6
8,8
5,10,9
9,5
7,9,8,8,10
7,9,9,10,10
8,7
7
10,8,6
9,8,7,7,6
8,9,6,7,6
5,6,9,5
5,9,9
9,6,8
9,9
10,10,7
6,9,9,8
8,6
7,9,8,5,6
7
5,6,6
standom processing time of each job at each stage:
45,36,36,28,16
18,14,18,40,11
26,11,19,31,39
44,15,21,18,32
36,39,23,19,20
11,30,31,21,11
13,24,37,42,43
37,12,18,21,42
26,28,15,19,36
38,15,31,25,19
45,21,26,42,31
36,36,41,12,40
34,43,15,38,40
15,36,11,28,31
10,40,17,35,26
35,13,19,45,13
38,22,11,36,33
10,37,28,49,28
22,16,28,19,50
21,29,17,50,35
39,38,43,24,48
13,31,43,19,45
32,29,14,14,40
31,16,19,27,46
46,35,40,44,28
26,16,23,41,44
10,42,46,19,15
39,41,13,12,37
29,17,39,37,22
27,23,44,38,18
36,48,28,22,14
33,21,48,47,10
30,40,42,15,20
31,42,46,34,49
33,44,23,15,11
45,13,15,45,28
13,32,28,38,10
20,30,31,46,13
11,15,46,17,36
20,25,19,49,36
31,15,36,44,22
36,36,47,10,35
50,23,23,27,44
29,29,19,41,20
42,16,17,35,28
44,47,48,34,50
20,30,31,50,32
29,28,29,25,37
27,43,41,42,18
49,38,15,16,43
35,16,26,46,34
33,31,42,12,35
48,26,16,25,42
16,48,28,45,44
30,46,29,36,13
37,45,34,33,30
29,11,50,10,17
47,20,31,34,50
18,28,17,44,11
35,40,49,12,25
35,36,45,38,18
17,47,49,44,11
50,48,36,20,10
19,23,16,22,18
17,32,29,17,49
29,25,35,18,23
39,19,33,29,17
39,33,45,23,42
40,37,14,31,38
50,45,22,41,38
19,20,23,29,28
49,30,29,40,45
35,28,13,31,27
40,24,20,31,40
39,23,37,10,23
35,23,34,19,13
40,22,34,18,14
14,42,47,24,28
18,12,15,42,15
20,28,46,21,49
40,21,48,27,18
33,23,33,35,31
35,49,20,23,15
31,37,17,42,37
38,11,18,50,12
23,21,41,46,10
22,46,18,38,33
12,31,35,41,13
31,37,30,22,10
28,49,33,25,10
28,24,44,47,36
48,34,39,29,10
39,26,37,42,12
31,38,44,33,50
33,22,29,35,16
15,30,44,12,16
13,48,10,36,35
15,32,16,36,21
18,41,14,46,43
14,13,29,20,49