6 2 20
number of machines at each stage in each factory:
3,2
4,5
3,3
1,2
2,4
2,3
speed of each machine:
1.2,1.3,1.2
1.3,1.3
1.4,1.4,1.0,1.4
1.4,1.4,1.3,1.1,1.5
1.2,1.1,1.4
1.3,1.3,1.4
1.1
1.5,1.2
1.2,1.4
1.2,1.2,1.4,1.1
1.4,1.3
1.1,1.3,1.2
power consumption of each machine:
7,10,7
9,9
6,9,6,8
9,7,5,5,10
5,5,7
9,5,6
5
8,6
8,7
8,5,8,7
6,8
10,5,8
standom processing time of each job at each stage:
12,45
24,30
39,10
18,48
45,28
43,32
18,34
19,42
17,26
50,47
35,47
19,11
11,35
35,47
37,32
30,20
26,14
44,41
12,22
24,40