6 2 50
number of machines at each stage in each factory:
4,5
1,2
4,1
1,2
5,5
2,3
speed of each machine:
1.4,1.2,1.3,1.2
1.3,1.5,1.2,1.2,1.5
1.4
1.4,1.4
1.3,1.3,1.3,1.2
1.1
1.3
1.0,1.2
1.3,1.0,1.5,1.5,1.1
1.3,1.3,1.3,1.5,1.1
1.1,1.3
1.4,1.0,1.1
power consumption of each machine:
8,10,5,8
8,9,9,10,9
6
10,7
5,7,9,9
9
7
9,7
7,7,5,10,6
7,9,5,10,10
6,7
7,5,10
standom processing time of each job at each stage:
31,49
42,29
35,24
23,30
16,23
25,34
19,12
17,15
46,47
31,50
23,37
23,50
24,33
26,38
13,12
24,10
39,21
45,39
43,12
30,29
42,38
28,41
38,40
20,18
45,42
18,30
23,25
10,29
34,30
25,40
37,24
29,36
32,17
45,44
46,46
42,29
13,34
29,47
40,48
49,15
25,33
42,20
12,34
44,40
27,14
10,24
27,49
45,27
38,32
48,20