6 5 20
number of machines at each stage in each factory:
1,1,4,3,4
1,3,2,4,3
5,5,5,4,5
3,4,4,3,2
3,5,4,1,5
4,2,3,1,5
speed of each machine:
1.3
1.2
1.2,1.4,1.3,1.1
1.5,1.3,1.4
1.2,1.2,1.4,1.3
1.3
1.0,1.1,1.0
1.4,1.3
1.3,1.2,1.0,1.5
1.3,1.2,1.1
1.4,1.2,1.0,1.4,1.1
1.3,1.0,1.3,1.2,1.2
1.2,1.2,1.3,1.5,1.1
1.2,1.0,1.4,1.3
1.2,1.3,1.3,1.1,1.4
1.4,1.1,1.4
1.3,1.1,1.5,1.3
1.1,1.5,1.2,1.3
1.4,1.3,1.1
1.3,1.3
1.1,1.0,1.3
1.0,1.1,1.1,1.1,1.2
1.3,1.4,1.5,1.0
1.3
1.3,1.4,1.0,1.1,1.4
1.0,1.0,1.2,1.3
1.0,1.0
1.4,1.2,1.3
1.5
1.3,1.3,1.0,1.1,1.2
power consumption of each machine:
6
7
7,8,6,5
9,8,10
5,8,6,7
7
9,10,7
6,6
5,5,5,7
10,8,10
6,9,6,7,6
10,7,8,6,8
10,7,9,8,10
7,9,9,7
7,9,7,7,8
7,8,8
10,5,9,10
8,7,6,7
7,6,9
8,6
8,10,10
8,6,6,5,7
6,9,10,7
7
10,5,5,7,8
5,7,5,9
8,9
7,7,8
5
5,8,5,9,10
standom processing time of each job at each stage:
21,26,48,33,34
35,12,17,47,19
20,29,22,41,14
10,41,48,36,20
24,50,24,15,26
37,15,42,19,18
24,22,37,39,19
50,22,43,27,12
44,32,40,21,34
25,29,37,35,46
18,46,42,42,37
14,22,33,15,35
40,36,32,42,37
48,34,36,38,41
42,49,15,17,41
16,19,29,26,30
19,37,26,20,41
22,19,30,49,32
15,19,31,38,28
42,19,50,12,11