6 5 20
number of machines at each stage in each factory:
2,5,5,2,5
2,3,5,4,1
5,4,5,4,2
4,4,2,3,5
1,4,5,4,2
4,4,2,4,2
speed of each machine:
1.2,1.1
1.3,1.3,1.3,1.2,1.2
1.3,1.4,1.5,1.4,1.3
1.4,1.0
1.4,1.2,1.2,1.5,1.1
1.4,1.2
1.4,1.1,1.4
1.4,1.5,1.4,1.1,1.4
1.3,1.4,1.2,1.2
1.1
1.1,1.1,1.2,1.1,1.1
1.4,1.5,1.0,1.0
1.3,1.5,1.3,1.3,1.3
1.5,1.4,1.2,1.4
1.5,1.2
1.4,1.5,1.3,1.1
1.4,1.3,1.3,1.1
1.1,1.1
1.5,1.4,1.4
1.3,1.0,1.3,1.3,1.3
1.1
1.1,1.3,1.4,1.4
1.2,1.2,1.5,1.0,1.2
1.5,1.0,1.3,1.4
1.1,1.2
1.1,1.4,1.1,1.2
1.2,1.3,1.5,1.2
1.1,1.0
1.1,1.3,1.4,1.3
1.3,1.2
power consumption of each machine:
9,5
5,10,8,7,10
6,5,10,9,10
9,5
5,7,8,7,6
6,6
7,5,6
8,6,9,7,9
9,8,5,7
7
8,10,8,8,10
8,7,9,9
8,8,6,7,5
5,10,10,10
6,5
7,7,9,9
9,7,10,9
8,5
8,6,6
6,5,6,8,6
8
7,8,5,7
8,5,7,8,6
9,9,5,8
10,6
7,8,8,5
9,10,7,5
5,8
10,8,9,8
7,10
standom processing time of each job at each stage:
33,33,28,43,48
32,38,28,43,46
15,27,37,16,18
32,26,24,41,20
12,19,48,35,43
42,41,32,36,25
26,35,25,32,18
43,48,38,41,26
40,35,39,44,15
31,42,47,32,23
35,31,31,16,12
45,28,36,14,37
22,15,20,49,45
45,27,23,33,23
48,35,37,48,41
45,22,40,27,27
13,43,48,39,34
45,43,41,31,39
27,28,49,49,13
12,49,25,15,45