6 8 100
number of machines at each stage in each factory:
5,2,4,4,5,2,1,2
3,3,1,5,1,5,1,4
3,4,5,5,1,1,1,4
1,3,1,2,5,2,4,4
1,4,1,2,1,1,5,5
5,3,2,4,1,5,1,5
speed of each machine:
1.2,1.2,1.3,1.2,1.2
1.4,1.2
1.2,1.2,1.3,1.3
1.0,1.0,1.4,1.3
1.5,1.3,1.0,1.2,1.3
1.1,1.5
1.4
1.2,1.1
1.1,1.2,1.2
1.3,1.2,1.4
1.4
1.2,1.4,1.4,1.1,1.3
1.0
1.4,1.4,1.4,1.0,1.2
1.2
1.5,1.1,1.1,1.3
1.1,1.3,1.1
1.0,1.3,1.4,1.5
1.1,1.4,1.5,1.1,1.2
1.4,1.4,1.1,1.3,1.4
1.3
1.0
1.0
1.2,1.3,1.5,1.5
1.0
1.4,1.3,1.4
1.1
1.0,1.2
1.3,1.2,1.4,1.1,1.1
1.2,1.2
1.1,1.2,1.1,1.2
1.3,1.5,1.2,1.3
1.4
1.1,1.3,1.4,1.3
1.5
1.5,1.4
1.2
1.2
1.3,1.1,1.4,1.1,1.4
1.3,1.1,1.3,1.3,1.1
1.4,1.2,1.4,1.4,1.0
1.3,1.2,1.4
1.4,1.0
1.4,1.3,1.4,1.3
1.5
1.2,1.4,1.2,1.4,1.3
1.2
1.1,1.1,1.4,1.1,1.4
power consumption of each machine:
8,7,10,7,5
6,8
9,8,9,5
7,5,7,5
5,10,9,5,9
6,9
5
5,7
7,5,5
9,6,8
5
5,8,10,9,9
7
5,7,6,5,5
10
9,9,5,5
10,8,5
7,10,9,6
6,9,6,6,7
10,8,5,10,6
9
10
9
7,7,5,10
6
9,8,6
5
7,8
8,10,8,8,9
6,10
9,6,10,6
8,5,8,7
7
6,9,6,10
10
5,5
9
5
8,6,5,5,8
9,8,5,7,6
8,7,8,6,7
10,9,9
6,10
10,6,6,7
10
6,10,10,5,9
8
5,10,7,10,6
standom processing time of each job at each stage:
40,32,33,20,18,21,49,13
17,26,16,17,23,26,12,49
14,12,39,47,23,34,10,31
45,36,39,25,14,31,37,20
37,10,31,35,13,15,10,27
20,49,33,49,12,29,32,22
34,12,17,38,47,17,45,42
35,30,15,45,25,50,14,37
18,11,30,12,23,18,31,21
10,20,43,37,41,21,41,46
43,19,39,24,12,19,21,11
44,27,15,48,41,24,27,32
26,15,49,30,12,32,14,43
49,42,34,20,26,42,29,28
28,10,22,31,26,37,28,25
38,29,20,35,10,34,42,49
24,47,49,24,37,12,27,11
12,40,19,33,14,46,40,26
15,49,11,36,42,23,21,49
21,43,47,34,36,30,42,48
38,28,11,20,20,50,12,41
49,41,25,16,30,32,18,27
41,17,19,37,47,41,18,48
10,41,33,42,17,10,40,37
45,30,10,50,12,16,44,23
38,14,30,27,49,32,28,41
33,24,26,27,17,17,45,10
31,39,40,19,19,11,30,26
25,36,45,12,29,15,23,12
42,50,48,41,21,32,10,31
11,24,28,45,20,44,16,20
36,24,17,39,40,34,18,35
41,34,24,45,25,20,43,20
37,39,41,18,18,33,46,26
15,41,22,29,13,22,48,22
44,15,26,45,14,36,27,50
31,14,28,43,13,24,13,16
32,39,17,11,23,29,48,14
26,46,21,29,18,44,25,50
36,13,35,38,12,43,40,32
35,32,17,34,41,20,25,41
35,32,46,32,41,40,14,15
38,46,25,26,31,12,31,39
14,31,17,30,30,30,24,12
18,17,32,48,23,23,34,24
26,16,38,48,14,49,13,29
21,40,46,26,12,20,18,50
12,41,15,16,18,42,49,29
49,34,47,31,43,39,20,29
35,31,37,30,33,13,36,32
48,39,36,40,31,19,37,12
49,33,21,45,28,41,42,25
46,40,25,25,21,19,45,26
42,22,24,21,39,45,28,26
31,35,44,20,37,27,17,32
48,37,13,23,19,35,24,23
18,50,48,30,40,49,30,50
26,42,35,13,31,15,43,18
39,23,49,48,39,43,22,50
21,11,31,37,38,43,11,22
35,16,45,20,35,29,32,27
48,39,42,16,26,23,24,11
40,27,44,43,10,29,38,15
30,29,50,11,25,25,27,19
35,43,12,48,10,38,10,18
16,38,38,42,27,31,43,17
14,15,47,40,39,43,15,34
10,49,26,26,22,32,13,30
14,16,47,24,16,17,16,47
43,21,34,25,25,25,11,17
43,39,36,37,24,13,37,26
50,22,26,17,47,17,23,21
28,19,19,12,43,14,12,40
34,15,12,18,12,34,34,48
20,35,17,33,29,12,19,47
31,18,41,37,12,31,34,13
32,39,45,35,40,18,32,16
15,33,42,41,14,26,12,15
32,39,34,30,30,28,11,24
34,15,42,14,30,41,42,39
20,37,33,20,27,50,31,48
18,20,13,40,12,10,47,48
46,31,43,33,15,29,50,12
36,15,21,48,43,30,13,14
16,33,25,39,46,17,48,16
21,15,34,39,20,39,46,35
20,32,26,26,44,26,22,13
36,38,47,35,45,32,18,11
41,40,38,14,45,37,46,49
36,19,36,39,29,14,47,38
25,38,25,34,39,11,29,42
28,13,42,34,45,10,25,34
44,20,33,44,30,13,23,36
42,25,11,42,11,32,11,31
46,24,18,38,29,13,19,36
33,11,33,37,28,37,20,41
30,13,50,49,36,42,49,23
17,36,34,37,27,39,39,31
21,44,16,15,19,20,23,11
45,15,14,21,28,19,14,37