6 2 50
number of machines at each stage in each factory:
5,1
3,1
2,1
5,3
2,3
2,3
speed of each machine:
1.4,1.0,1.4,1.3,1.2
1.3
1.2,1.3,1.2
1.4
1.2,1.3
1.2
1.4,1.3,1.1,1.3,1.0
1.4,1.1,1.5
1.1,1.4
1.4,1.4,1.4
1.5,1.0
1.1,1.4,1.2
power consumption of each machine:
10,9,7,5,6
6
7,8,9
10
7,6
10
5,5,6,7,7
9,9,9
5,8
9,10,8
6,7
10,9,5
standom processing time of each job at each stage:
14,19
22,49
12,28
32,46
30,27
11,20
36,43
31,49
22,14
15,30
17,46
38,38
23,19
14,47
22,45
38,29
35,44
18,49
46,41
47,37
45,39
23,25
33,19
23,29
11,47
41,32
33,10
34,22
15,38
39,17
21,26
19,15
27,38
39,22
26,29
25,16
17,29
20,24
50,35
46,49
38,27
29,39
15,50
42,33
21,11
42,25
39,30
41,22
44,35
18,36