6 2 20
number of machines at each stage in each factory:
1,1
4,3
4,1
3,2
4,3
5,5
speed of each machine:
1.4
1.1
1.1,1.1,1.1,1.1
1.3,1.1,1.4
1.2,1.2,1.3,1.4
1.3
1.3,1.1,1.5
1.4,1.2
1.4,1.5,1.4,1.3
1.4,1.2,1.4
1.4,1.4,1.2,1.5,1.2
1.2,1.4,1.5,1.4,1.3
power consumption of each machine:
6
8
8,5,5,7
9,9,8
6,6,7,6
5
6,8,5
8,7
6,8,10,9
6,5,8
6,8,10,8,5
6,9,7,6,10
standom processing time of each job at each stage:
41,44
26,46
32,29
41,27
18,47
19,31
46,49
50,49
29,36
46,50
48,29
18,24
37,13
25,12
32,15
15,28
47,39
22,38
16,15
26,15