6 8 20
number of machines at each stage in each factory:
5,2,4,4,5,2,1,2
3,3,1,5,1,5,1,4
3,4,5,5,1,1,1,4
1,3,1,2,5,2,4,4
1,4,1,2,1,1,5,5
5,3,2,4,1,5,1,5
speed of each machine:
1.2,1.2,1.3,1.2,1.2
1.4,1.2
1.2,1.2,1.3,1.3
1.0,1.0,1.4,1.3
1.5,1.3,1.0,1.2,1.3
1.1,1.5
1.4
1.2,1.1
1.1,1.2,1.2
1.3,1.2,1.4
1.4
1.2,1.4,1.4,1.1,1.3
1.0
1.4,1.4,1.4,1.0,1.2
1.2
1.5,1.1,1.1,1.3
1.1,1.3,1.1
1.0,1.3,1.4,1.5
1.1,1.4,1.5,1.1,1.2
1.4,1.4,1.1,1.3,1.4
1.3
1.0
1.0
1.2,1.3,1.5,1.5
1.0
1.4,1.3,1.4
1.1
1.0,1.2
1.3,1.2,1.4,1.1,1.1
1.2,1.2
1.1,1.2,1.1,1.2
1.3,1.5,1.2,1.3
1.4
1.1,1.3,1.4,1.3
1.5
1.5,1.4
1.2
1.2
1.3,1.1,1.4,1.1,1.4
1.3,1.1,1.3,1.3,1.1
1.4,1.2,1.4,1.4,1.0
1.3,1.2,1.4
1.4,1.0
1.4,1.3,1.4,1.3
1.5
1.2,1.4,1.2,1.4,1.3
1.2
1.1,1.1,1.4,1.1,1.4
power consumption of each machine:
8,7,10,7,5
6,8
9,8,9,5
7,5,7,5
5,10,9,5,9
6,9
5
5,7
7,5,5
9,6,8
5
5,8,10,9,9
7
5,7,6,5,5
10
9,9,5,5
10,8,5
7,10,9,6
6,9,6,6,7
10,8,5,10,6
9
10
9
7,7,5,10
6
9,8,6
5
7,8
8,10,8,8,9
6,10
9,6,10,6
8,5,8,7
7
6,9,6,10
10
5,5
9
5
8,6,5,5,8
9,8,5,7,6
8,7,8,6,7
10,9,9
6,10
10,6,6,7
10
6,10,10,5,9
8
5,10,7,10,6
standom processing time of each job at each stage:
40,32,33,20,18,21,49,13
17,26,16,17,23,26,12,49
14,12,39,47,23,34,10,31
45,36,39,25,14,31,37,20
37,10,31,35,13,15,10,27
20,49,33,49,12,29,32,22
34,12,17,38,47,17,45,42
35,30,15,45,25,50,14,37
18,11,30,12,23,18,31,21
10,20,43,37,41,21,41,46
43,19,39,24,12,19,21,11
44,27,15,48,41,24,27,32
26,15,49,30,12,32,14,43
49,42,34,20,26,42,29,28
28,10,22,31,26,37,28,25
38,29,20,35,10,34,42,49
24,47,49,24,37,12,27,11
12,40,19,33,14,46,40,26
15,49,11,36,42,23,21,49
21,43,47,34,36,30,42,48