6 5 20
number of machines at each stage in each factory:
4,5,1,2,4
1,1,2,5,5
2,3,5,3,5
4,5,3,5,3
5,2,2,1,2
2,2,2,1,5
speed of each machine:
1.4,1.4,1.1,1.0
1.3,1.3,1.2,1.1,1.1
1.1
1.3,1.1
1.2,1.0,1.5,1.1
1.0
1.3
1.3,1.5
1.0,1.1,1.4,1.0,1.4
1.3,1.2,1.4,1.2,1.3
1.3,1.2
1.3,1.3,1.2
1.4,1.4,1.0,1.2,1.0
1.4,1.0,1.2
1.4,1.4,1.2,1.4,1.1
1.3,1.0,1.4,1.2
1.2,1.1,1.4,1.3,1.0
1.2,1.4,1.1
1.3,1.1,1.0,1.3,1.1
1.2,1.1,1.3
1.1,1.5,1.1,1.1,1.0
1.3,1.2
1.4,1.3
1.2
1.4,1.3
1.1,1.2
1.1,1.5
1.1,1.1
1.3
1.3,1.1,1.1,1.3,1.1
power consumption of each machine:
9,6,8,6
6,7,10,6,5
5
5,8
8,7,8,9
9
9
6,7
9,10,8,9,9
5,8,7,9,10
8,9
10,10,7
7,5,10,6,9
6,8,8
5,7,9,5,7
9,8,9,8
10,10,9,7,7
9,6,7
6,6,5,10,10
9,9,7
6,9,5,5,8
7,9
6,7
10
7,8
9,9
8,5
7,7
7
5,9,10,6,10
standom processing time of each job at each stage:
50,21,32,16,42
24,46,33,21,45
42,37,48,10,32
43,16,46,28,37
38,47,48,40,17
31,26,49,39,21
24,50,40,18,50
40,33,12,38,10
49,22,27,43,20
38,21,15,27,15
32,24,33,27,20
18,29,22,35,23
26,14,34,37,14
13,22,12,22,42
42,25,46,20,22
28,40,15,26,41
42,41,45,34,25
31,29,23,43,14
49,13,44,44,24
28,48,48,27,15