6 8 50
number of machines at each stage in each factory:
4,5,2,2,3,1,4,1
1,5,2,4,3,4,5,2
3,4,3,1,2,4,5,4
3,2,3,3,2,2,4,5
4,4,5,1,5,5,3,1
3,5,4,1,2,5,4,5
speed of each machine:
1.0,1.3,1.4,1.0
1.4,1.5,1.3,1.0,1.2
1.1,1.3
1.1,1.4
1.3,1.3,1.3
1.0
1.3,1.4,1.2,1.2
1.3
1.4
1.3,1.4,1.3,1.5,1.4
1.1,1.3
1.1,1.1,1.3,1.0
1.3,1.5,1.5
1.4,1.1,1.3,1.5
1.0,1.3,1.2,1.0,1.5
1.4,1.1
1.3,1.3,1.4
1.3,1.1,1.1,1.3
1.0,1.2,1.4
1.1
1.3,1.1
1.4,1.4,1.2,1.1
1.1,1.2,1.0,1.1,1.3
1.2,1.3,1.4,1.5
1.1,1.2,1.3
1.1,1.1
1.5,1.4,1.3
1.3,1.4,1.0
1.3,1.4
1.0,1.2
1.4,1.5,1.1,1.5
1.2,1.1,1.1,1.0,1.1
1.2,1.2,1.2,1.0
1.1,1.1,1.0,1.1
1.3,1.3,1.4,1.4,1.5
1.3
1.5,1.5,1.4,1.3,1.5
1.1,1.3,1.1,1.3,1.4
1.3,1.2,1.2
1.2
1.4,1.3,1.3
1.4,1.4,1.0,1.2,1.3
1.4,1.2,1.3,1.2
1.2
1.2,1.5
1.3,1.1,1.5,1.3,1.5
1.3,1.3,1.3,1.1
1.1,1.4,1.4,1.1,1.0
power consumption of each machine:
7,10,10,9
9,6,7,5,6
6,8
10,8
9,5,5
8
6,8,6,6
10
8
8,6,10,6,6
8,6
5,7,10,6
10,5,8
7,10,9,7
7,7,8,8,7
7,6
6,9,10
9,8,10,10
7,9,9
7
6,6
10,10,9,6
5,6,7,5,7
8,7,9,6
8,5,5
7,5
5,9,7
6,7,8
9,8
6,10
10,8,5,8
8,9,8,8,10
7,5,5,10
10,5,10,8
5,8,9,5,9
5
6,5,9,8,9
6,9,5,8,6
8,8,6
6
10,7,8
9,7,5,8,6
8,9,6,10
5
5,6
5,8,7,8,6
6,6,6,6
9,10,5,5,10
standom processing time of each job at each stage:
13,14,22,19,37,17,48,40
25,19,10,15,35,29,15,30
12,33,16,28,15,47,47,43
16,18,21,18,34,23,12,41
17,41,38,36,39,32,42,19
11,31,15,25,41,20,31,48
48,34,44,32,23,14,31,10
13,45,31,27,25,48,35,43
27,38,20,41,29,12,41,23
17,20,31,17,49,40,10,35
15,39,39,14,26,45,33,22
48,32,10,33,38,21,39,48
38,42,21,33,42,29,20,46
49,42,39,35,29,50,12,23
42,18,49,13,21,44,42,39
15,32,13,45,15,35,42,20
35,11,29,17,28,44,26,19
21,14,35,25,14,50,39,24
16,30,21,37,25,18,41,12
35,33,14,18,48,23,10,41
49,12,16,20,14,36,46,39
32,43,23,42,29,32,37,34
23,11,27,33,40,26,50,12
39,17,26,21,31,47,22,45
34,33,28,20,44,40,47,32
13,27,29,26,42,42,36,29
35,33,35,16,30,36,29,12
41,20,37,44,44,44,20,23
28,32,26,32,32,30,19,34
34,26,11,47,38,20,18,36
37,43,25,30,38,26,19,47
45,24,41,45,25,35,23,21
29,48,20,34,38,45,27,34
42,45,18,46,46,10,36,18
28,28,45,24,23,44,36,24
31,14,41,11,46,21,38,20
36,29,25,30,41,10,30,42
32,47,25,33,30,29,12,24
38,10,32,16,28,16,20,50
39,19,49,22,22,18,30,30
29,34,28,10,27,24,38,36
46,21,30,21,24,11,16,39
28,48,37,43,35,15,41,24
28,16,16,17,46,13,45,38
29,30,11,14,38,26,37,13
46,16,35,29,25,17,17,31
24,16,16,44,39,15,39,43
36,45,29,43,10,46,46,28
26,42,21,20,19,36,22,30
49,18,44,34,50,46,42,49