6 8 20
number of machines at each stage in each factory:
4,5,1,2,4,1,1,2
5,5,2,3,5,3,5,4
5,3,5,3,5,2,2,1
2,2,2,2,1,5,2,1
1,4,3,2,1,4,2,2
4,5,1,2,4,5,3,5
speed of each machine:
1.2,1.0,1.3,1.3
1.2,1.1,1.0,1.2,1.0
1.5
1.5,1.1
1.5,1.1,1.1,1.3
1.2
1.4
1.4,1.2
1.3,1.3,1.1,1.3,1.3
1.2,1.4,1.2,1.4,1.4
1.0,1.2
1.2,1.5,1.2
1.2,1.4,1.1,1.3,1.0
1.4,1.2,1.4
1.4,1.3,1.0,1.2,1.4
1.1,1.2,1.1,1.3
1.0,1.3,1.1,1.2,1.1
1.3,1.1,1.1
1.1,1.1,1.0,1.3,1.2
1.2,1.4,1.1
1.2,1.4,1.2,1.2,1.2
1.1,1.5
1.0,1.3
1.1
1.2,1.0
1.5,1.4
1.4,1.4
1.1,1.3
1.1
1.1,1.2,1.0,1.1,1.5
1.3,1.4
1.3
1.4
1.0,1.5,1.1,1.1
1.2,1.4,1.2
1.2,1.0
1.5
1.4,1.3,1.1,1.2
1.1,1.0
1.3,1.1
1.1,1.1,1.4,1.1
1.3,1.1,1.3,1.0,1.0
1.0
1.1,1.0
1.2,1.3,1.3,1.0
1.4,1.5,1.0,1.1,1.2
1.2,1.1,1.0
1.3,1.1,1.2,1.3,1.1
power consumption of each machine:
5,9,8,8
5,8,6,7,5
6
10,9
10,5,10,8
8
5
6,7
6,8,10,6,10
6,7,9,6,5
7,10
5,10,8
10,5,9,5,8
7,9,8
7,9,5,5,10
9,7,7,9
8,10,5,5,9
8,9,8
5,10,8,10,6
9,9,8
7,7,7,5,7
6,10
5,5
6
8,6
6,8
5,10
9,7
7
10,7,8,9,7
9,6
5
5
9,10,7,10
7,9,7
8,6
8
10,8,8,5
8,10
7,10
7,5,9,5
8,5,5,5,6
7
6,5
10,9,8,5
6,8,8,6,9
9,9,10
5,6,7,7,9
standom processing time of each job at each stage:
15,49,22,42,31,38,17,38
35,43,11,23,48,31,37,48
30,43,11,41,48,38,21,45
41,12,13,42,20,42,43,15
10,47,18,34,26,42,42,34
31,37,45,14,42,34,48,35
42,50,43,16,11,41,17,23
13,38,25,39,12,29,42,28
50,44,40,42,29,30,50,14
19,10,36,31,20,31,43,48
47,49,43,41,17,15,16,33
32,49,41,47,48,33,38,46
12,20,30,10,26,40,13,24
15,20,37,43,18,14,49,42
43,17,43,24,23,31,46,22
36,28,47,45,22,45,35,47
11,10,25,38,50,16,42,36
30,48,11,26,35,29,40,10
31,43,11,35,48,22,28,23
23,34,36,29,49,44,25,47