6 8 20
number of machines at each stage in each factory:
3,1,2,4,1,1,1,4
3,4,2,2,3,1,5,5
1,3,2,3,3,3,5,2
4,3,1,2,3,1,4,1
4,2,4,1,5,2,5,5
1,1,2,3,5,1,1,2
speed of each machine:
1.0,1.2,1.3
1.1
1.2,1.0
1.3,1.2,1.2,1.3
1.4
1.4
1.2
1.5,1.1,1.5,1.1
1.5,1.3,1.4
1.3,1.2,1.2,1.3
1.4,1.3
1.4,1.4
1.3,1.4,1.1
1.4
1.1,1.1,1.4,1.3,1.3
1.2,1.3,1.1,1.0,1.5
1.1
1.4,1.1,1.5
1.2,1.1
1.5,1.5,1.1
1.2,1.3,1.4
1.0,1.2,1.3
1.2,1.3,1.3,1.2,1.4
1.2,1.4
1.1,1.4,1.2,1.1
1.4,1.1,1.3
1.2
1.2,1.3
1.2,1.1,1.2
1.4
1.2,1.4,1.2,1.2
1.2
1.4,1.2,1.1,1.1
1.1,1.5
1.1,1.2,1.2,1.4
1.3
1.1,1.5,1.1,1.0,1.1
1.5,1.2
1.4,1.2,1.4,1.4,1.3
1.4,1.3,1.3,1.0,1.3
1.1
1.3
1.4,1.3
1.3,1.5,1.2
1.4,1.4,1.1,1.4,1.4
1.3
1.0
1.3,1.5
power consumption of each machine:
8,6,9
10
5,9
8,10,9,9
10
9
6
10,9,5,6
7,7,6
8,9,9,8
5,5
6,5
7,5,9
5
5,9,9,9,10
5,10,7,7,7
7
10,10,6
8,10
6,6,9
10,10,5
9,10,8
10,10,5,8,5
6,10
5,5,8,5
10,9,5
5
10,8
8,10,7
8
7,6,6,5
5
10,7,8,6
8,5
8,8,9,7
9
8,5,8,6,5
6,8
7,10,5,6,9
5,9,9,9,6
8
9
6,9
7,5,7
8,6,5,9,5
10
6
9,7
standom processing time of each job at each stage:
23,47,43,25,27,23,14,42
32,35,23,12,27,40,41,48
34,45,28,20,35,47,45,32
45,28,35,21,22,29,13,43
38,24,29,48,18,25,24,42
10,31,46,33,23,23,39,43
20,30,41,32,21,37,48,27
48,15,22,13,28,41,13,30
37,34,22,41,14,44,32,44
35,24,10,34,41,37,49,38
12,48,43,25,16,31,17,10
23,32,45,20,11,28,21,31
45,36,28,43,45,16,31,26
33,28,25,19,23,32,37,22
23,44,14,29,14,28,37,29
45,48,33,43,14,16,48,23
35,41,24,32,25,19,24,28
23,46,35,47,36,25,13,18
35,13,25,48,48,21,23,13
36,27,10,15,38,23,34,48