6 8 20
number of machines at each stage in each factory:
3,2,4,5,3,3,1,2
2,4,2,3,2,5,5,2
1,3,5,5,4,3,3,2
3,4,2,5,1,3,3,4
5,5,4,2,3,3,1,3
3,3,4,4,2,3,4,2
speed of each machine:
1.2,1.1,1.2
1.2,1.5
1.0,1.2,1.4,1.4
1.1,1.2,1.2,1.4,1.1
1.2,1.4,1.3
1.4,1.1,1.3
1.4
1.0,1.1
1.3,1.1
1.5,1.0,1.3,1.2
1.4,1.3
1.1,1.2,1.0
1.3,1.3
1.1,1.3,1.1,1.4,1.1
1.4,1.3,1.0,1.3,1.3
1.5,1.4
1.4
1.0,1.3,1.2
1.3,1.1,1.0,1.1,1.2
1.1,1.0,1.4,1.2,1.1
1.3,1.1,1.4,1.2
1.5,1.2,1.1
1.5,1.5,1.4
1.1,1.1
1.5,1.0,1.1
1.5,1.1,1.2,1.0
1.4,1.5
1.4,1.1,1.1,1.3,1.1
1.4
1.1,1.0,1.3
1.0,1.2,1.1
1.2,1.1,1.1,1.5
1.3,1.3,1.3,1.3,1.4
1.4,1.3,1.1,1.4,1.1
1.4,1.3,1.0,1.5
1.5,1.0
1.2,1.4,1.2
1.1,1.1,1.1
1.5
1.4,1.5,1.3
1.3,1.4,1.2
1.4,1.3,1.5
1.5,1.3,1.0,1.0
1.2,1.2,1.3,1.4
1.2,1.3
1.3,1.2,1.3
1.1,1.0,1.3,1.2
1.4,1.4
power consumption of each machine:
8,7,9
5,10
9,9,5,6
7,10,10,6,7
10,8,5
6,10,7
6
9,10
8,9
6,8,8,9
5,10
5,9,7
6,7
9,6,10,6,8
8,5,5,10,7
7,7
5
10,7,6
10,5,10,6,9
10,5,6,10,8
6,8,9,6
9,9,6
8,7,7
6,5
6,5,6
10,8,9,6
8,10
8,7,8,9,9
7
6,9,9
7,10,7
10,7,5,5
7,9,6,10,10
8,7,8,10,8
10,8,9,9
6,10
7,9,7
9,9,6
10
6,9,6
10,7,10
5,5,7
10,6,9,10
8,10,8,7
7,7
9,10,9
10,9,7,10
5,8
standom processing time of each job at each stage:
31,15,36,44,22,36,36,47
10,35,50,23,23,27,44,29
29,19,41,20,42,16,17,35
28,44,47,48,34,50,20,30
31,50,32,29,28,29,25,37
27,43,41,42,18,49,38,15
16,43,35,16,26,46,34,33
31,42,12,35,48,26,16,25
42,16,48,28,45,44,30,46
29,36,13,37,45,34,33,30
29,11,50,10,17,47,20,31
34,50,18,28,17,44,11,35
40,49,12,25,35,36,45,38
18,17,47,49,44,11,50,48
36,20,10,19,23,16,22,18
17,32,29,17,49,29,25,35
18,23,39,19,33,29,17,39
33,45,23,42,40,37,14,31
38,50,45,22,41,38,19,20
23,29,28,49,30,29,40,45