6 2 20
number of machines at each stage in each factory:
5,1
4,2
5,4
1,3
2,1
4,2
speed of each machine:
1.1,1.4,1.5,1.0,1.3
1.3
1.2,1.3,1.4,1.2
1.4,1.5
1.3,1.4,1.5,1.1,1.1
1.4,1.5,1.4,1.2
1.3
1.1,1.3,1.4
1.3,1.3
1.1
1.2,1.3,1.4,1.1
1.0,1.2
power consumption of each machine:
7,10,5,5,6
10
8,6,7,9
5,6
10,7,8,10,8
6,6,5,5
6
7,8,7
9,7
6
5,6,9,6
8,10
standom processing time of each job at each stage:
12,17
19,13
14,28
45,20
13,43
39,44
20,24
21,16
25,39
43,39
44,35
16,25
38,31
43,45
32,20
23,31
12,36
35,31
40,38
28,19