6 2 50
number of machines at each stage in each factory:
3,1
2,4
1,1
1,4
3,4
2,2
speed of each machine:
1.1,1.0,1.2
1.3
1.3,1.1
1.2,1.1,1.3,1.4
1.1
1.5
1.3
1.1,1.1,1.2,1.4
1.1,1.1,1.2
1.3,1.0,1.2,1.2
1.4,1.3
1.2,1.3
power consumption of each machine:
9,5,8
5
9,8
7,7,6,8
7
8
6
9,9,5,8
8,5,9
9,8,9,6
7,9
7,6
standom processing time of each job at each stage:
17,38
46,18
36,34
30,40
27,42
32,49
41,42
33,34
43,31
36,25
38,21
27,17
23,41
14,40
23,23
42,34
46,31
16,33
38,22
38,20
21,45
31,38
18,35
44,21
35,35
14,31
39,10
40,17
43,44
31,44
39,17
40,40
22,21
49,49
31,40
17,38
44,25
32,46
50,36
19,29
50,15
22,36
45,34
44,33
28,10
17,36
42,24
29,36
13,47
31,33