6 5 50
number of machines at each stage in each factory:
4,1,2,1,5
4,1,1,5,2
1,4,5,4,2
5,3,2,2,3
2,2,2,3,1
3,1,1,5,5
speed of each machine:
1.5,1.3,1.0,1.5
1.3
1.3,1.4
1.3
1.0,1.1,1.2,1.3,1.1
1.1,1.5,1.2,1.2
1.1
1.2
1.2,1.3,1.1,1.1,1.4
1.4,1.3
1.5
1.4,1.5,1.2,1.2
1.2,1.0,1.1,1.2,1.1
1.2,1.3,1.4,1.2
1.3,1.2
1.3,1.4,1.5,1.3,1.3
1.1,1.3,1.4
1.4,1.1
1.1,1.1
1.1,1.3,1.2
1.2,1.4
1.3,1.3
1.0,1.1
1.4,1.4,1.4
1.2
1.5,1.5,1.4
1.2
1.1
1.4,1.2,1.1,1.3,1.1
1.4,1.4,1.4,1.4,1.5
power consumption of each machine:
8,7,6,5
10
6,6
9
6,8,10,9,8
8,10,6,5
7
6
7,7,6,10,6
5,7
6
10,5,9,6
6,8,5,5,10
5,8,7,8
6,5
8,9,9,7,10
5,10,9
7,6
8,9
5,8,5
10,7
10,7
10,6
7,8,10
7
7,5,5
5
10
10,9,6,6,7
5,8,10,10,7
standom processing time of each job at each stage:
45,13,49,21,11
31,18,41,23,24
28,12,44,44,30
30,43,42,11,16
36,24,27,36,42
41,35,15,48,22
25,48,25,27,48
46,38,27,26,48
19,48,44,36,13
15,16,36,28,21
40,39,43,40,39
39,31,16,26,25
29,37,16,17,23
10,47,11,32,26
13,23,26,21,11
43,19,26,11,40
15,31,20,43,28
48,44,28,47,22
17,39,34,46,25
10,10,16,36,14
27,22,41,49,46
44,40,37,21,12
42,29,17,22,12
10,41,32,20,47
10,22,35,49,43
34,17,14,27,15
15,27,30,32,11
20,16,47,43,49
10,40,33,17,14
35,27,27,19,11
32,43,37,50,28
39,12,20,36,34
19,21,26,12,19
39,11,23,31,35
36,24,14,41,26
16,38,26,13,22
16,15,30,16,31
48,40,23,38,25
47,29,45,28,32
32,25,43,39,24
28,28,22,50,46
17,34,24,45,20
40,34,38,22,44
39,35,42,37,45
35,30,40,48,19
22,15,10,43,19
25,28,26,13,31
13,12,38,29,46
14,43,37,18,42
36,35,20,26,32