6 5 50
number of machines at each stage in each factory:
3,2,1,1,3
2,3,5,2,1
5,3,5,3,5
4,1,2,1,3
1,2,3,3,1
1,4,3,2,1
speed of each machine:
1.3,1.1,1.4
1.5,1.3
1.3
1.3
1.3,1.1,1.3
1.2,1.3
1.5,1.2,1.4
1.2,1.2,1.3,1.4,1.4
1.3,1.0
1.4
1.1,1.3,1.2,1.4,1.0
1.1,1.3,1.3
1.2,1.4,1.3,1.5,1.3
1.1,1.2,1.4
1.2,1.2,1.3,1.2,1.1
1.2,1.2,1.5,1.5
1.0
1.0,1.3
1.2
1.4,1.4,1.5
1.0
1.3,1.2
1.0,1.0,1.3
1.4,1.2,1.5
1.1
1.1
1.4,1.3,1.2,1.2
1.4,1.2,1.2
1.5,1.4
1.4
power consumption of each machine:
5,9,8
8,5
6
8
6,6,8
7,7
8,6,6
5,5,10,10,5
6,10
10
6,10,10,8,10
9,7,6
9,6,6,7,7
5,9,6
5,8,8,5,5
7,5,9,6
7
9,10
7
8,5,10
7
7,10
5,9,7
9,8,6
6
10
10,8,5,7
5,8,10
8,6
7
standom processing time of each job at each stage:
31,45,25,22,13
11,47,43,33,30
40,38,33,47,23
11,34,32,39,26
47,50,10,31,38
19,19,14,48,31
36,46,50,29,33
46,42,10,49,33
24,26,38,36,24
10,42,37,31,33
16,49,48,19,47
44,24,24,34,14
49,15,31,29,28
23,44,46,19,23
10,41,11,22,29
28,43,50,14,14
16,28,25,50,34
24,11,40,32,12
26,24,17,33,25
42,33,22,35,27
19,21,45,10,29
26,23,38,12,47
23,24,22,11,25
19,18,33,46,34
44,33,39,23,15
49,31,16,20,17
13,42,20,20,26
42,14,13,13,34
14,18,30,15,14
20,47,27,40,15
38,15,21,32,29
17,39,32,23,35
48,40,28,24,43
21,13,17,24,22
17,27,32,26,25
10,20,41,49,30
41,49,39,17,10
18,30,49,26,41
48,36,34,49,13
47,28,24,18,16
37,17,13,17,34
21,36,10,26,42
13,25,49,26,41
49,10,41,31,26
31,16,15,25,28
11,10,40,45,26
41,12,34,32,37
28,39,15,40,18
21,31,49,32,14
43,17,14,47,19